8.854368022942987082e+00 5.151213889048617744e+01
1.718597517619425474e+00 4.677365176525965040e+01
1.445224664666751480e+01 5.185538924728483323e+01
1.500022650919051515e+01 6.143341194445768139e+01
1.913433317871125183e+01 5.187840778748544324e+01
7.968642195685088581e+00 4.809992600904624993e+01
1.415840506159095114e+01 4.758712955629598440e+01
5.330228000006581368e+00 5.216902743576642365e+01
8.896285502456223071e+00 5.419395770642763921e+01
1.105827796554692277e+01 4.973457693919760914e+01
1.547499799265818510e+01 4.987102379619908277e+01
6.718724881773606050e+00 5.151618348733885711e+01
9.348121455999942597e+00 5.623445518800038911e+01
1.076947797331446921e+01 5.243524433223657155e+01
8.379400586388655370e+00 4.944677161894299644e+01
8.190205841000029352e+00 4.676623667700046383e+01
1.268360144390994648e+01 5.292804491702344194e+01
1.144144581644434489e+01 5.102439605162803815e+01
1.160476729314764199e+01 4.876303080585108063e+01
9.694115213041595069e+00 4.922376550004305784e+01
6.486143639858820364e+00 4.955596821596138568e+01
9.918168597794327468e+00 5.348365620146375932e+01
7.414875511817156095e+00 5.330471087760911075e+01
8.743884888189899840e+00 5.287895303520492973e+01
7.905173066682271710e+00 5.106213482837128481e+01
1.146684824558045968e+01 5.389512332051392463e+01
9.765188220895376858e+00 4.790323228780722786e+01
9.745203432962780354e+00 5.091832221197473274e+01
1.274307036922439273e+01 4.816536140927492937e+01
1.273035879471869336e+01 5.094359092854473658e+01
1.386473298244321128e+01 5.344709578221913659e+01
7.930277851285255863e+00 5.176278165825861066e+01
7.217124031575395726e+00 5.083004530360926054e+01
1.347828643744450972e+01 5.255814915363875173e+01
8.970781725397143802e+00 5.009362526747084132e+01
9.361043606009996410e+00 4.869618846271443857e+01
9.477973009998692078e+00 5.208015172290211581e+01
6.601286750317952645e+00 5.103606488265045016e+01
1.002378447755941693e+01 4.998102747783286048e+01
1.165724156724810001e+01 5.189598776067275310e+01
7.358650698134198365e+00 5.210007820730631778e+01
1.158719092287271657e+01 4.815939048852666815e+01
1.335782031608897569e+01 5.398750555121123540e+01
7.624533109945302201e+00 4.965170250275666319e+01
1.058108263887604039e+01 4.894289858655768910e+01
1.367615349116039880e+01 5.156443308949548054e+01
8.355151421149631830e+00 5.241052428808456654e+01
8.845108003990924672e+00 4.829536828663725601e+01
1.067888394883085468e+01 5.103887712720177916e+01
7.452621609885795806e+00 5.149641199142359937e+01
1.172215375872234233e+01 5.028086901090682659e+01
1.019818247590775684e+01 4.850320207462083033e+01
1.080511580550381723e+01 5.392945396588351059e+01
8.299937678420310050e+00 5.354771088954496605e+01
9.116206189818642613e+00 5.484447818190774626e+01
1.233552360255415614e+01 5.117398597085728795e+01
1.042869698968931402e+01 5.192449497181737428e+01
9.723401408082319008e+00 5.239573025293204012e+01
1.451793825874952226e+01 5.141533155284844270e+01
1.216022987883620843e+01 5.411383106415527777e+01
7.038019322841003067e+00 4.930154006302964120e+01
8.387840173642340247e+00 4.995771078915396401e+01
1.080726721601659790e+01 4.812912831257896329e+01
8.324648131000532914e+00 4.901288328616561785e+01
9.772647291276854276e+00 5.438447958845596020e+01
1.299478057728238056e+01 4.883904147837463938e+01
1.177111747101443484e+01 5.345894567891651405e+01
1.224075017221318973e+01 4.960714885390888185e+01
1.056808018232370294e+01 5.299348309663707823e+01
9.219456095664597228e+00 4.912251976208901283e+01
8.709399580662456231e+00 5.077997887007282429e+01
9.656762855234184428e+00 5.367198388558136912e+01
8.083644460646580043e+00 5.040729208762470392e+01
1.284055780628158772e+01 5.200998932820413501e+01
1.378100561648650668e+01 5.111546771295541447e+01
9.470259092461169814e+00 5.128064329731031279e+01
1.232727438499254546e+01 5.293422044616375643e+01
6.133266749986754363e+00 4.975290147194731816e+01
1.201235368150817351e+01 5.148352949236087994e+01
8.556044158603452132e+00 5.188953233557655409e+01
7.304491839713867840e+00 5.248765917452155350e+01
6.957611665165302384e+00 5.085522934012046647e+01
1.125562423789994781e+01 4.751015256732134873e+01
6.311512508410023869e+00 5.083675289868482139e+01
1.211786201334853352e+01 4.857011501038376622e+01
8.946215438851167434e+00 4.875020253315777552e+01
6.981520079408286783e+00 5.121298509229039553e+01
1.034778506298749257e+01 4.775063473356391341e+01
7.206812693677402848e+00 5.026366495377444465e+01
7.220659385709395472e+00 5.147618892321126083e+01
9.223868600170057164e+00 5.062910626516297441e+01
1.213431031760139511e+01 4.805218701363516942e+01
1.148854093363007856e+01 4.927335934637041248e+01
9.667595445416123923e+00 4.959887935564441364e+01
1.322697029318795714e+01 5.364482869755035210e+01
9.625137747936161503e+00 4.869999532137399711e+01
9.032864653942974442e+00 5.235158594155755907e+01
1.403817150908645850e+01 5.301116443254331045e+01
1.247915057594046218e+01 5.075950588889327264e+01
1.288420918006774230e+01 5.254435279883703203e+01
1.014229128413828107e+01 5.432408039309218850e+01
9.529673619558273856e+00 5.276048446617333809e+01
1.111414310525458937e+01 5.446740026592637207e+01
1.138905673483132297e+01 5.265974068075574621e+01
7.867748692655266218e+00 5.226500750765040948e+01
8.513470647068562158e+00 5.334165890942134070e+01
7.561072052905420726e+00 5.285907420357234088e+01
1.323769228274014154e+01 4.835375537845463612e+01
1.075366788104680538e+01 5.048438116105970153e+01
1.038215821509337111e+01 5.342136734486891214e+01
7.796921535936707670e+00 5.364694431099482586e+01
7.035817356574109560e+00 4.989615435652743258e+01
1.404884314172328885e+01 5.174180417891906103e+01
8.507603658699812499e+00 4.799283003876124098e+01
1.114564911053923169e+01 5.224197168169015271e+01
7.580695167813707336e+00 5.035865139467689033e+01
9.206487301652854782e+00 4.884831391745866114e+01
9.137016857648085022e+00 5.467795847187754532e+01
6.439850127471826724e+00 5.030841603963305175e+01
1.034174704127539712e+01 5.228091632397453736e+01
8.775902156383830643e+00 5.309732615814854739e+01
6.281429062464109592e+00 5.119105275950188627e+01
1.053368985446084594e+01 4.962515131062487228e+01
9.343224083719169570e+00 4.772683341997517203e+01
8.205606434689718398e+00 5.278846926961226416e+01
8.038556943845792446e+00 4.858357759016573851e+01
9.914161932791399678e+00 5.158280713159568620e+01
9.365997924332170044e+00 5.315904963629917290e+01
1.250319889500519821e+01 5.239767888726523637e+01
7.843617278331809217e+00 4.764151141258813738e+01
1.331991245566745263e+01 5.069127043893615081e+01
1.099284701628464944e+01 4.955031779333798880e+01
8.730856461033409843e+00 5.017148531106403908e+01
1.278119623479765288e+01 5.421312236921524175e+01
7.975114406372679099e+00 4.989175116066274285e+01
1.210122399498991541e+01 5.092312342153728366e+01
1.214089813555876063e+01 4.899141240559500687e+01
9.183836571665951354e+00 5.393134467548161126e+01
1.328890074952308709e+01 5.252721774504081509e+01
1.019749824128291849e+01 4.942303750620981617e+01
1.308458682728388389e+01 5.101171541270100818e+01
6.153652845622497480e+00 5.176325015851994493e+01
7.389880468036806427e+00 5.002325621084300167e+01
1.368157675612724944e+01 5.412881057758812631e+01
7.612170373113917421e+00 5.127579538386469693e+01
1.045021160515450021e+01 5.127922808155706491e+01
1.091040025653737899e+01 4.837393120566620297e+01
7.048479633929391142e+00 5.166980465810042489e+01
8.255653382386277883e+00 5.128436215504874696e+01
1.454344979863988385e+01 5.226262266102284570e+01
7.311866728901099677e+00 4.929589880388775214e+01
1.331443173271416924e+01 5.225006665234158021e+01
1.103901107538221282e+01 5.180145342223853078e+01
8.685474920091925455e+00 4.906623423587132748e+01
1.100322448037147360e+01 5.017951169881260398e+01
6.862030278631733538e+00 5.139212112614747952e+01
8.463346902083227263e+00 5.054581494276791176e+01
9.386881499822040453e+00 5.167189058784386901e+01
1.484283759795307134e+01 5.095968579740624449e+01
7.618379043166301656e+00 5.192788067654188922e+01
8.652415980597648826e+00 5.484077524968069639e+01
7.767163240036148331e+00 5.138079710830123048e+01
1.094889807569457396e+01 5.122934034821259530e+01
1.208544319274723833e+01 5.391813341157880046e+01
1.369582714836238679e+01 5.381461519368681223e+01
1.016393982864887491e+01 5.240804998486925825e+01
8.041898642690004095e+00 5.089947658772836547e+01
1.013249245743018889e+01 5.355536462661157060e+01
6.700953960302780565e+00 5.121123775390233845e+01
1.229548249630758505e+01 5.161010418419370893e+01
9.656994534070896918e+00 5.057811740429377778e+01
1.153119457244424240e+01 4.997065130159670332e+01
6.558980194481063286e+00 4.993350949085657930e+01
8.043315025968587051e+00 5.338105712127897107e+01
1.008849990148295461e+01 4.899305470149702302e+01
1.112356494871027124e+01 5.295341909080771359e+01
8.738453259657660510e+00 4.855048616928245764e+01
1.029412502358547599e+01 5.033226833097282338e+01
1.195637982932687748e+01 5.267225820828694793e+01
1.139044951286243190e+01 5.357437442460938115e+01
7.209838641487285926e+00 5.193252121194812077e+01
8.406518898172564036e+00 4.953202314377680437e+01
8.968499215637477207e+00 4.976437742025972000e+01
8.978707151691013522e+00 5.179837728166927491e+01
1.038097682338947436e+01 5.322374396037872657e+01
1.290008898559643313e+01 5.083468225258936002e+01
1.185104993914911375e+01 5.215207267502309918e+01
7.228857419502643822e+00 5.286914179228067212e+01
1.363353101709930293e+01 5.322648318029204262e+01
1.183586253770768870e+01 4.842741696551876629e+01
8.897728299345564196e+00 4.778909908976986287e+01
8.700330973132537338e+00 5.152042661045074112e+01
9.154568518492997242e+00 5.139298492725247058e+01
1.200057236606951072e+01 5.127835350290323646e+01
9.403223853623424944e+00 4.933637089151548594e+01
1.101440093708237633e+01 5.096614942821540239e+01
1.017581496547595776e+01 4.800534891390511660e+01
8.562144773285568888e+00 5.356138575653075407e+01
1.099932110831134757e+01 4.783784270411174333e+01
9.859721575016843431e+00 4.983759525789191969e+01
6.729140209604718592e+00 4.946482325735899366e+01
9.704192489558259638e+00 4.833532213423986690e+01
8.178398482671235925e+00 5.203352833558147950e+01
1.185213629472189467e+01 4.948690522234225142e+01
6.664839493757902744e+00 5.138444290528629921e+01
1.014946914547956069e+01 5.080209627523126414e+01
7.477913359826542816e+00 5.359297296057007998e+01
8.524944998279313069e+00 5.009683736369574092e+01
1.394018689246868981e+01 5.243969852528775988e+01
9.136448910810726076e+00 5.260130885928667510e+01
8.993842461323952264e+00 5.460933461650893150e+01
6.959913127788146525e+00 5.104076254381288891e+01
8.277060374437372303e+00 4.819531679592613216e+01
1.151913968171502844e+01 5.170186595657762751e+01
8.408964574832001659e+00 5.261550188676002193e+01
9.526547062997236637e+00 4.978040353750542124e+01
9.806366291688069836e+00 5.307338985478451576e+01
1.424323294378278426e+01 5.309356149783476297e+01
8.861350775156806137e+00 5.201848195520850737e+01
9.413917792353478475e+00 5.472827911074109863e+01
1.217323896071107292e+01 5.317118490583905555e+01
1.223722859419713060e+01 5.052386517935411803e+01
1.195565139147918998e+01 5.027005241487280074e+01
9.867098300115401344e+00 5.213510241401796463e+01
6.969978542497709206e+00 5.252391755629454906e+01
1.096731957273229163e+01 4.904034499581186424e+01
9.575828561779223591e+00 5.035502878804732063e+01
7.701224282387250319e+00 5.310538783714146405e+01
8.581923448629249052e+00 5.209177544493136480e+01
8.198652722006867677e+00 4.761294149407370924e+01
1.318180603888574964e+01 5.158799137609124585e+01
1.116863144086950754e+01 5.386491617026180734e+01
1.147314144640647271e+01 4.814365510829151162e+01
7.543909176099904634e+00 5.100729040581974516e+01
6.639402478369258453e+00 5.065787303785667461e+01
1.264210298088029738e+01 4.887718129480050777e+01
7.966313304631183811e+00 5.167334799924598343e+01
1.135172372823063114e+01 5.068393740145840809e+01
9.474879882009819454e+00 5.365413831099292707e+01
8.752141574421139936e+00 4.996181719480966166e+01
8.376497339476490112e+00 5.083175641487967056e+01
7.760592206337193488e+00 4.946274576111247967e+01
1.089475444646731717e+01 5.423181880686397704e+01
1.119232206313169797e+01 4.873009187269223474e+01
1.166958455332684963e+01 4.810013491248529505e+01
1.064581656995099479e+01 4.929977238541314932e+01
1.443024516630203635e+01 5.154892581113115568e+01
1.125830554372344317e+01 5.141349486820921300e+01
7.133995144510719477e+00 4.955719401787605705e+01
1.436121891807076878e+01 5.255329762592924681e+01
6.597423061928212817e+00 5.177990068792737333e+01
9.490838485833402061e+00 4.848862555656947393e+01
1.239160411778158277e+01 5.136498196911733061e+01
1.062532647820918008e+01 4.790914932133878068e+01
1.258517746710879948e+01 4.791502450183881479e+01
9.231325551059125445e+00 4.848388846630582094e+01
1.253267976995485000e+01 5.328899838498285391e+01
8.684569713959888304e+00 4.935065033788394828e+01
1.086578295540330430e+01 4.984011983968115800e+01
1.383392958383598170e+01 5.097201750979292001e+01
6.805117650001349716e+00 5.116976946226383660e+01
7.256613929265267160e+00 5.121617471825953061e+01
6.154972151559806370e+00 5.097654108388721284e+01
7.226700990154248494e+00 5.360540246531605391e+01
1.306408022974969185e+01 5.406997657249230826e+01
8.134007687537778253e+00 4.971891118119135911e+01
1.305258330241546005e+01 5.386667805344862359e+01
9.572361798557334822e+00 5.394056484559587261e+01
1.069576994523903224e+01 5.360192495546861124e+01
9.025907168749094822e+00 4.930620320068743467e+01
7.859872004975774651e+00 5.079952245608593842e+01
1.338934732704415609e+01 4.862274983392322980e+01
1.016399899620148339e+01 4.871006582386008432e+01
9.775664106474522441e+00 4.758479234055536011e+01
1.174991216229543411e+01 5.314006095345869340e+01
7.706434915363150395e+00 5.161960828390338918e+01
1.419016162800248715e+01 5.117350247816187903e+01
1.024494485431289270e+01 5.152525691591490187e+01
6.821458883783369842e+00 5.097497887859228882e+01
1.416388521976937653e+01 5.347020701029885004e+01
9.903925560144937634e+00 4.945409211724879128e+01
1.073984982323400317e+01 5.199756594203999072e+01
8.153424592666921100e+00 5.158128400459172269e+01
1.398180904206164499e+01 5.151317850697048328e+01
8.976327178289055908e+00 5.306444210960466989e+01
1.157180655472245157e+01 5.216662532053810253e+01
9.521074871769098280e+00 5.234095084588940239e+01
6.664836942793878727e+00 4.976253192305822637e+01
8.812235568626794802e+00 5.019871783430248513e+01
8.533502959944680555e+00 5.318511443622698920e+01
1.188483995811623295e+01 5.141286397703895261e+01
1.273505689467788926e+01 4.921688796365054230e+01
9.984060318735355821e+00 4.835779996226558097e+01
7.811042190266995533e+00 4.830339092743252394e+01
8.990987469563918921e+00 5.395352689860255424e+01
7.754654823165877175e+00 4.999252172638374248e+01
8.654548704642742507e+00 4.889921994341482758e+01
1.324801587325758945e+01 5.297670207717993662e+01
7.797442488871711319e+00 4.801188050991326151e+01
7.602647699026860550e+00 5.249382816228055759e+01
9.956549280867145413e+00 5.380702051003646602e+01
1.055454124648789360e+01 5.061754121308267429e+01
7.456904609245950333e+00 5.163379162298963365e+01
7.307234868482931134e+00 5.161714336976279327e+01
9.044326793595246272e+00 4.818438661199011364e+01
8.812661001597076549e+00 5.349455926325934740e+01
8.956040598832025523e+00 5.056414736382993169e+01
7.110481337420788250e+00 5.152904598324450092e+01
8.107315983405666060e+00 4.919916600069298340e+01
9.507442542261692608e+00 5.447792569272652230e+01
8.050522560361622837e+00 5.222708977101490291e+01
1.235537312700417445e+01 4.818649949587854309e+01
1.003007554325828998e+01 5.188897429362670266e+01
1.371986717277382795e+01 5.270466299890586015e+01
1.030392031999070390e+01 5.405324696280792551e+01
1.052679886046612800e+01 5.228126648209928362e+01
1.269744431365424830e+01 5.178174776060642159e+01
6.983788575556936884e+00 5.061851470295775357e+01
1.019302580467761743e+01 5.003240030860977328e+01
1.365761304419854838e+01 5.107107475640642491e+01
8.230496149830333508e+00 5.003856163956412928e+01
1.333853043321706444e+01 5.096285083972691154e+01
8.723133790275923616e+00 5.172381595442566038e+01
1.034076921534150273e+01 4.904308645459885696e+01
1.247848379339058766e+01 5.418766311222718457e+01
1.387323423510813214e+01 5.190898465427184050e+01
1.058437315346763441e+01 5.261734153104769973e+01
8.725739153736665088e+00 4.807119266368248134e+01
1.184832824913877047e+01 5.119026623259882314e+01
1.044215301423267128e+01 4.852631173116239438e+01
8.207565681010329683e+00 5.314936200122426158e+01
6.370157970270870607e+00 5.143092259436292579e+01
1.134940476706839974e+01 4.949312636878691762e+01
1.338391376856332116e+01 5.246969061373292931e+01
1.425573101471679038e+01 5.224577382121876212e+01
1.324870342891391672e+01 5.199427781464900988e+01
1.221200845889922881e+01 4.995238595498575052e+01
7.360591081749872977e+00 5.304802358267080820e+01
6.459307946985665794e+00 5.121990518608958354e+01
9.859612665073003157e+00 5.238030584517746746e+01
9.153895848088813736e+00 5.286468355702319855e+01
1.282759643417674056e+01 5.062436433281262538e+01
6.888870341743043468e+00 5.193319057693063456e+01
1.277436838582637790e+01 4.855434549138067268e+01
9.040269439024127607e+00 5.424477559808947547e+01
9.432676881896147947e+00 4.807752255873491976e+01
8.642850048535146712e+00 4.961266857362164018e+01
8.005441619860160785e+00 5.191920474057371138e+01
7.997551434096360268e+00 5.143319135034747802e+01
9.180926515477823457e+00 5.188390417781580055e+01
1.012278929392016558e+01 5.268357248169322560e+01
1.224694211225961205e+01 5.382933515158903504e+01
6.459074989590239291e+00 5.070460207063440095e+01
1.411993228951703117e+01 5.271871932923019699e+01
1.242443622576383433e+01 4.857993313213027164e+01
6.994780082761303142e+00 5.147403763556821588e+01
8.497840988704757237e+00 4.837781600605244137e+01
9.812012823852782617e+00 4.886831575664287897e+01
9.114588698526990385e+00 5.448081831231933592e+01
8.143169078425005480e+00 4.880305785437188604e+01
1.167505795191444307e+01 4.825309015693355263e+01
1.300476442169546942e+01 5.122869758445987998e+01
1.126031801952697897e+01 4.819391679513707061e+01
1.130186911217121803e+01 4.908627413108239068e+01
8.888892769822593465e+00 5.128108098178867635e+01
1.124377719982288326e+01 5.028494499074643898e+01
8.352969162006239401e+00 5.187125089525730459e+01
8.115511591091832955e+00 5.355579607803822029e+01
7.341400178785679742e+00 5.061397594944254053e+01
9.119309442621430506e+00 4.873281767348171201e+01
1.108092124807218504e+01 4.942761013465904085e+01
1.291002316530211935e+01 4.775839274095533682e+01
7.142066725280661998e+00 5.339881166621998432e+01
1.097086660360154475e+01 5.221289598497809692e+01
9.471448710078998801e+00 5.337475085645444040e+01
8.860751305274293443e+00 5.479238444801203656e+01
1.337595810766570104e+01 5.136064148506453364e+01
9.141535719344638267e+00 4.992648100094710628e+01
1.117114818891748129e+01 5.118394268365003086e+01
1.318023257702056306e+01 5.425055236664604053e+01
1.339147173143452463e+01 5.451819703369356063e+01
1.213787101953834302e+01 4.782552534141198919e+01
8.511500515632238972e+00 4.945164558535904575e+01
9.937091833990262302e+00 5.408787562948259620e+01
7.676010199576736248e+00 5.339484100410455625e+01
1.161137759477385067e+01 5.088434436916739401e+01
8.596889216683019086e+00 4.984698594823664308e+01
9.006025134240648100e+00 5.084624829708604921e+01
1.208930433743450017e+01 5.193814828799784067e+01
8.917501835956395340e+00 5.222875885757564163e+01
7.489196536872608334e+00 4.947248456520190985e+01
7.799883324600482837e+00 4.972181881014346061e+01
7.581821287855145641e+00 5.006198279568179288e+01
1.210373553594923202e+01 5.242560153388361499e+01
1.172635222820189149e+01 5.273252921546396976e+01
1.307496229017953127e+01 5.237517160197462829e+01
7.942426929695477256e+00 4.842579133116393564e+01
1.082752593942906572e+01 4.864476777914727990e+01
1.272393352099950548e+01 5.385301258773531430e+01
1.131818216074301198e+01 5.204135461454285405e+01
9.334034985527225103e+00 4.959551504281470358e+01
1.067737293540508681e+01 5.153453338803944916e+01
1.101925340343853676e+01 5.064500551707784837e+01
1.112031459437592673e+01 5.370506131714551401e+01
1.036535143781603274e+01 5.213627780454152116e+01
8.972592857904038155e+00 4.852298351950275901e+01
1.353081037628002825e+01 5.246135909500498684e+01
6.299874371822919095e+00 5.005726794122348622e+01
8.091949586552741991e+00 5.074245895428729369e+01
9.137266959446550985e+00 5.348316788219223383e+01
1.458261430913093371e+01 5.110555770288593180e+01
9.593903963868621432e+00 4.773837017395565852e+01
6.177726044281759421e+00 5.074445975026691968e+01
1.017382885660799730e+01 4.972156510266808738e+01
1.217126341508861032e+01 4.928534105181640967e+01
9.946215795247788094e+00 5.089105966334883391e+01
7.079012932265179359e+00 5.215416715669773851e+01
7.267013193059412401e+00 5.271509015978161727e+01
9.844675046104454097e+00 4.861926200429180511e+01
9.310943609526029618e+00 5.024792974311365157e+01
8.044919156289507711e+00 5.254102672940810947e+01
7.580978512287143367e+00 5.217962219214888364e+01
8.594605887013209156e+00 5.238964823489792622e+01
1.185555300085230890e+01 5.061709965023086255e+01
1.034658977630822818e+01 5.374684895494227987e+01
7.614856454546162112e+00 4.769436788067083910e+01
1.108058843143708749e+01 5.254924245915506731e+01
1.316478174594491435e+01 5.271113442665395610e+01
1.031269650214386857e+01 5.098256819217620261e+01
9.649410048743520818e+00 5.282346357450798280e+01
7.760857619058410428e+00 5.055916914206724755e+01
6.840075438411540532e+00 5.022210292256348652e+01
8.548269752951545897e+00 5.298573518196037213e+01
8.427347811140624145e+00 4.925272190628019331e+01
1.491314921099756319e+01 5.122007312268366519e+01
1.355029034083400674e+01 5.363590535324907904e+01
9.717219816945835476e+00 5.468549285193962817e+01
7.117664603695635250e+00 5.126365176535163215e+01
1.172079229419465563e+01 5.404450752296515503e+01
8.673411856361829209e+00 5.379978860857501388e+01
1.359959788845569584e+01 5.223130942487546946e+01
7.074962650080626858e+00 5.090885063008899181e+01
1.022986367121956341e+01 4.755435206885790933e+01
1.174949051572747649e+01 4.909746227913970529e+01
1.174607187169593558e+01 5.242683703962636343e+01
8.565337818031945716e+00 5.142292703089702144e+01
7.918813866185785422e+00 5.303493453225073040e+01
8.345412034682732738e+00 4.876522847395082039e+01
8.757578469794664144e+00 5.273139667711814127e+01
1.359081870566188677e+01 4.870079676639475963e+01
9.586830649999997789e+00 5.000333390000000122e+01
9.070793301045632973e+00 5.035950221276959127e+01
6.784305814390982015e+00 4.929626338259268437e+01
1.202930398773891163e+01 5.347442561256994509e+01
9.408434027380435438e+00 5.411699748545434829e+01
1.045527451704248989e+01 4.817642882790062231e+01
9.780790366944106751e+00 5.366610180713902167e+01
9.965657481964832698e+00 5.358205403818958246e+01
1.359849877469209645e+01 5.185403154466432341e+01
1.270215259380664108e+01 5.132278088921966486e+01
1.178804342833850605e+01 4.979595439058308415e+01
6.836535260576114048e+00 5.086006920340925319e+01
1.075229516065754609e+01 4.765450328591887086e+01
7.804119501542020387e+00 5.277260761334975570e+01
8.684717653654885794e+00 5.053883330259116491e+01
9.866662682478525070e+00 4.920118726205532056e+01
7.390477039800417813e+00 5.229909395655207049e+01
8.590004823964983771e+00 5.016971460289705220e+01
1.061552619195361657e+01 5.381846844395403195e+01
7.442291999859327767e+00 5.136303665540414443e+01
1.145395145451759333e+01 4.872009150891584284e+01
1.184693646555753332e+01 5.096403215779778861e+01
8.353719607795332180e+00 5.211046303646265443e+01
9.084877244415212161e+00 4.896467445614125324e+01
1.230290030585591410e+01 5.183707515694512580e+01
8.902420627915875073e+00 5.261993733776831306e+01
1.059129170904523320e+01 5.004071968650215751e+01
7.336859513043668457e+00 4.970627814371778896e+01
9.720500302638289014e+00 5.126624143378666076e+01
1.171918305286739681e+01 5.158930243576040908e+01
1.073807679755233124e+01 5.323979929695008906e+01
1.195525599225068270e+01 5.169728107182181276e+01
1.001991461255073723e+01 4.778788904779950997e+01
7.100029189810579844e+00 5.071955566210591115e+01
7.613891476338881859e+00 4.924024463657372053e+01
1.144859320979245254e+01 4.785258517569482706e+01
7.461243361864641876e+00 5.044239508473481948e+01
9.445917929062675356e+00 4.892919294884641346e+01
9.457946368156328276e+00 5.251070506969522711e+01
1.182032950783507452e+01 4.784128250664742410e+01
6.306284326762839676e+00 5.169923411885561393e+01
9.107691611989929825e+00 5.114307926566495865e+01
9.356857851560434369e+00 5.053346822378619407e+01
6.670395409422511968e+00 5.097994802183090712e+01
9.293305648744858871e+00 5.469948817926616869e+01
8.365729235964858290e+00 5.157093438564358223e+01
9.836091818213381188e+00 4.809330575005829900e+01
8.232609238618360692e+00 4.790474440645945720e+01
1.192363209826553216e+01 5.385071065188323303e+01
1.084619991827159069e+01 4.947746809843784632e+01
