8.602495478941644791e+00 5.015208453174664527e+01
1.718597517613998704e+00 4.677365176526105728e+01
1.913433317871634287e+01 5.187840778748520876e+01
1.500022650919117595e+01 6.143341194445736875e+01
1.415840506158843937e+01 4.758712955629605545e+01
5.330228000005387656e+00 5.216902743576626023e+01
1.433265480903186706e+01 5.152854043930380357e+01
8.190205841000215869e+00 4.676623667700071962e+01
1.015307816367041482e+01 5.355629256125803295e+01
6.973258133706327300e+00 5.103482961595923939e+01
1.158402414383272117e+01 4.876152366434878616e+01
1.547499799265684928e+01 4.987102379619918935e+01
9.348121455999990559e+00 5.623445518800033938e+01
1.233490197149194678e+01 5.119161200122349697e+01
9.985134603324929969e+00 4.840994038953798650e+01
8.329583867613022719e+00 5.217976412295266897e+01
1.368178910844981644e+01 5.413648155901804415e+01
6.768657053146503344e+00 4.930055264784483171e+01
1.067905981342513222e+01 5.055962907995203182e+01
1.274664928597517033e+01 4.815020742987858426e+01
9.400985957138976445e+00 5.210322057125515016e+01
8.749058482003091441e+00 4.853825069087637445e+01
1.345648328688375628e+01 5.252493524452355445e+01
7.453394810677117732e+00 5.162688769404929445e+01
1.151109122581337374e+01 4.809121603311927373e+01
1.109564690882041305e+01 5.181011619074381969e+01
8.833248568434333592e+00 5.309018387654002424e+01
8.503683705062003995e+00 4.945174909755237991e+01
7.963929189749449300e+00 4.759149814780836607e+01
9.441688929518656792e+00 5.121612599281088052e+01
9.570831911152197335e+00 4.979567238659539896e+01
6.133266749986798771e+00 4.975290147194731105e+01
1.086332172016221875e+01 4.947324202083123623e+01
7.304900702616457409e+00 5.248645957979642418e+01
9.533910967937648806e+00 5.449505004173553147e+01
1.140542071795196399e+01 5.357929241094681316e+01
1.052993437415491584e+01 5.246780483236510406e+01
1.309854523842673935e+01 5.094122528935307770e+01
1.023786663564800570e+01 4.755375951685414293e+01
7.450862523111991820e+00 5.042193554891274943e+01
9.447934688716008722e+00 4.893002663299598254e+01
6.187349572844327739e+00 5.090593718454540095e+01
6.813285558224417393e+00 5.166173725512447135e+01
1.191685251641504451e+01 5.027717021902915917e+01
8.031841480885177020e+00 5.137515101863569100e+01
8.310238726265430032e+00 4.901509086583254771e+01
7.842648700646258852e+00 5.362149606079010056e+01
1.164190011839852268e+01 5.191084974961155751e+01
8.014988307506293097e+00 5.089984454826321070e+01
9.596529350887482934e+00 4.774132150315502798e+01
1.250470921526267887e+01 5.240682699922526666e+01
9.719835086460566487e+00 5.240103634280431777e+01
1.222115927978317984e+01 5.411724454274884977e+01
1.090568973933778985e+01 4.837995224485518975e+01
6.609600919464213575e+00 5.103709336308008915e+01
8.037385581235303889e+00 4.858031822726600524e+01
1.208987909037110420e+01 5.147193386876953269e+01
1.276379227712461173e+01 4.924502099105407638e+01
1.019708730695414545e+01 5.002035972475293590e+01
1.127772110542600892e+01 4.749587269567864212e+01
7.120777188453410567e+00 5.152515910534792454e+01
7.734661789649107888e+00 4.943996999889386501e+01
1.371826798029301209e+01 5.106475631417753647e+01
1.423042564667004406e+01 5.309062894003350408e+01
9.492388225014870784e+00 5.364244424939747802e+01
1.013518674627391825e+01 5.430925333238203478e+01
1.140279528328121295e+01 5.065821837514981496e+01
1.344467357868181523e+01 4.881730612512959766e+01
9.204699060360887586e+00 4.894554140423844046e+01
1.287624004201174799e+01 5.052128343808391975e+01
9.907407948801738584e+00 5.166928671756615188e+01
8.906147661815159822e+00 5.130671225028663684e+01
1.213282863308200277e+01 4.900468084346195496e+01
9.105191674316250428e+00 5.015948373987826869e+01
8.844589720299108393e+00 5.221204326597452905e+01
1.227014417405354862e+01 4.807288006699907612e+01
8.136774684116689471e+00 5.356137534081518936e+01
9.655156907455907600e+00 5.055261911394342178e+01
1.102808152204267955e+01 5.098779004864183406e+01
8.839150447027737556e+00 4.799665667784496748e+01
1.079972006510205240e+01 5.391927573378081462e+01
8.133985417952471764e+00 5.045462327682906789e+01
8.396402672000901291e+00 4.998840779838500481e+01
9.743588620541865808e+00 5.091507939434674057e+01
7.030564610845933871e+00 4.933475515355884511e+01
9.292245717706281383e+00 4.853158502212382075e+01
6.718623046950272126e+00 5.152958257064643277e+01
1.209266837657570903e+01 4.970117021312687910e+01
9.753390912530706558e+00 5.340022166512382995e+01
1.032121214889648719e+01 5.098284402135602988e+01
1.442808806471810179e+01 5.188878456982271103e+01
1.153098262097743110e+01 4.953534710624840187e+01
6.830094417633473469e+00 5.021532924780922258e+01
1.236521569755944050e+01 4.845825977240962601e+01
7.954973561325632936e+00 5.167920830095548723e+01
7.618785740945440921e+00 5.193038161331361380e+01
1.321075647635755246e+01 5.366219313753003917e+01
1.100463483835972411e+01 5.050704557775296877e+01
7.582607676463361202e+00 5.122216873563768047e+01
1.030028637829332006e+01 5.206903154299690328e+01
1.058982135122658619e+01 4.885954794668938916e+01
6.322111270215316381e+00 4.996858462892448216e+01
8.604371949451143919e+00 5.191651711690076354e+01
6.708906957844138041e+00 5.121514835029847035e+01
8.220193880861661029e+00 5.277166503471845971e+01
7.252866838626814250e+00 5.124698868846576971e+01
1.204953097295667064e+01 5.285011366818365275e+01
1.076932046401499754e+01 5.242908674505864042e+01
8.987858548161373307e+00 5.237219654368594490e+01
1.202091860907518139e+01 5.070810037876510279e+01
1.087698561187278123e+01 4.795722881435604279e+01
1.178925483401582142e+01 4.816018608541705959e+01
1.017775872227126754e+01 4.866568207394466583e+01
1.290025743471046127e+01 4.880788780909389857e+01
1.332331612947860222e+01 5.252930852716480103e+01
7.777172486808636265e+00 4.815190669359973441e+01
7.438642632181199588e+00 5.325761402552917900e+01
1.450799822666533245e+01 5.141368426574509698e+01
1.363492179867670373e+01 5.157205324694514559e+01
9.914105747067724295e+00 4.980392216174023190e+01
6.679929132723445129e+00 4.977662116392154701e+01
8.453888050644062346e+00 5.054367264004578431e+01
6.308368613753168930e+00 5.150803904499409214e+01
8.873862592584975673e+00 5.479216087074318153e+01
9.915229642018097422e+00 5.358987814615320389e+01
9.104681234984369098e+00 4.876667321676725209e+01
1.343347873438677098e+01 4.857451773791547112e+01
1.246362404088231557e+01 5.072161350836837812e+01
6.839464444245411556e+00 5.086339189415470230e+01
1.106861391912291381e+01 4.944005927186564264e+01
1.391659170792743438e+01 5.186665201601989850e+01
1.257770916663247718e+01 5.186009401607397962e+01
6.982391364255109423e+00 5.081824788312617613e+01
8.766578272770038538e+00 4.901185273881337423e+01
1.090632182951124918e+01 4.993055022463857284e+01
8.982660669058960323e+00 5.083063754435750070e+01
9.805902881604522392e+00 4.765493970560565629e+01
9.827545288033736171e+00 4.881083706106178965e+01
7.344884548537688573e+00 4.995606925651453878e+01
9.187162885140416790e+00 5.287107589061367463e+01
1.186203506720300638e+01 5.223383891559743120e+01
9.179011294603977689e+00 5.392518271680858533e+01
8.568644825511087859e+00 5.354186827369556312e+01
8.121610886344582170e+00 4.978301789410788558e+01
1.111333571341110904e+01 5.295153048377819971e+01
8.260181597023315447e+00 4.764083041003421926e+01
9.636938932387691281e+00 4.823684832851262883e+01
1.012916139149180239e+01 5.260929436364379796e+01
9.676216504971080212e+00 4.927046447965617659e+01
1.212662330380141462e+01 4.784277096826019005e+01
1.147531787623321442e+01 5.094420437987866279e+01
6.898245898139172994e+00 5.201840849868828087e+01
9.506500075956951790e+00 5.233198854662313693e+01
1.179679842664236133e+01 4.845688621836775667e+01
1.059486704042017990e+01 5.302612317731922076e+01
9.240353142025822919e+00 4.919146621644403439e+01
8.305004146677767096e+00 4.820076741410615995e+01
9.050253397879938433e+00 5.116748779948208892e+01
8.627784165974375696e+00 4.987325538125335100e+01
1.013463947366684792e+01 4.806116618431497756e+01
1.423643022768053257e+01 5.220391293207958938e+01
7.908591798533795902e+00 5.224693475338249726e+01
8.276850562426913527e+00 4.954056426829541238e+01
8.448185009806621792e+00 5.085506603063624453e+01
8.215367903977945474e+00 5.313869629697262553e+01
1.158481440012463892e+01 4.994443548980000713e+01
6.736692092783185259e+00 5.136518511605153492e+01
1.307917842365902317e+01 5.237323368064112827e+01
1.004733109289396076e+01 4.909829102411208623e+01
8.364523431794992803e+00 5.184661463755752919e+01
9.294527865196162253e+00 4.782392874806465954e+01
1.491829632386169457e+01 5.119721959367231534e+01
6.448451186822648395e+00 5.064035320250812333e+01
9.361998109586398442e+00 4.870242049071244850e+01
1.144035793012985636e+01 4.780850399081094082e+01
1.052769854019958551e+01 5.226866730884611201e+01
1.357341168926148001e+01 5.323600567041095388e+01
1.410591751428523111e+01 5.365514953621103444e+01
1.272431386054877045e+01 5.131257656024835256e+01
1.090411654354235615e+01 5.174741929188914469e+01
1.189290627900839681e+01 5.140594537231878292e+01
9.915623015879901914e+00 5.188284373384742310e+01
7.607046195655422061e+00 5.080256659815320575e+01
1.110167206822027630e+01 5.237167232286184770e+01
1.144138748711933395e+01 4.875899872267878266e+01
1.308351478343765351e+01 5.429322921610592090e+01
1.229349215197975553e+01 5.162645170805609496e+01
9.033055116273358109e+00 4.821407393806119757e+01
1.291551478775901884e+01 5.084466226877204065e+01
1.461941879655159049e+01 5.216515000930296253e+01
7.769936060248699761e+00 5.141652110420619692e+01
7.319858990711511915e+00 4.930763997899026663e+01
1.165235372237250999e+01 4.817244946393914518e+01
7.580567847940711701e+00 4.776287095318733122e+01
1.262841949816824361e+01 5.345449344740499953e+01
9.945311226804724569e+00 5.216303459864419523e+01
9.226173341839290387e+00 4.968858287597679890e+01
9.106007404203888100e+00 5.178167262369314017e+01
6.791441560474417827e+00 5.113907973916599303e+01
8.842692418164970647e+00 5.012037905545710714e+01
6.302530504252117360e+00 5.083107939341515191e+01
6.473842998005217453e+00 5.132286493974782360e+01
1.085810261509028152e+01 4.867635036087721545e+01
6.305380071357392424e+00 5.179322135170312436e+01
6.968221142380526700e+00 5.149465008825180945e+01
9.973982091409210327e+00 5.408874654958717088e+01
1.360291415922507241e+01 5.239254124792153533e+01
1.050520257012345660e+01 5.346887978532672037e+01
7.420202893056140780e+00 5.229249811951142135e+01
1.210121227244120590e+01 4.929446104729351674e+01
9.892729115297651532e+00 5.303943670954745215e+01
7.187325952709226584e+00 5.063778201545829916e+01
8.348605022023765088e+00 5.148772608461021605e+01
1.373673599847325200e+01 5.138486324564390628e+01
1.301812105000000130e+01 5.282063875000000053e+01
1.291035730797919001e+01 4.775868383103443904e+01
1.075158393157824221e+01 4.765188581099487664e+01
8.665333459307687392e+00 4.888199408470117646e+01
1.025078829176303330e+01 5.035462140633264738e+01
8.606395880050603964e+00 5.216766656241042455e+01
8.003081664752318858e+00 4.839310465457380417e+01
7.385434087707275275e+00 5.135294818460121746e+01
1.400012824201646922e+01 5.237998712573029536e+01
1.060776681373350527e+01 5.382304840298240123e+01
1.067704900004911472e+01 4.843571734234025428e+01
7.012364543520765103e+00 4.996241698755869010e+01
1.335457100647263928e+01 5.404573787291462139e+01
1.439291356675641431e+01 5.117274178414074726e+01
8.407676482655196182e+00 4.945283172893928025e+01
8.705022703410232765e+00 4.926888358303066440e+01
1.129117119522670265e+01 5.020140642151431365e+01
1.033636185750823522e+01 4.911140939993828169e+01
1.054031759222253584e+01 5.120065951047693886e+01
9.982031141342721625e+00 5.085466045344660557e+01
1.244385671567640017e+01 5.136614851726555031e+01
7.324557927564560700e+00 5.162073320935264320e+01
8.699148350438242971e+00 5.058502471172733550e+01
7.026953027735577173e+00 5.133746680884000568e+01
1.219225617221052715e+01 5.044081237838835108e+01
8.704646761126301868e+00 5.309621039934291531e+01
1.229766174218063313e+01 4.955748649380328885e+01
7.645661825459310279e+00 5.007861533707408341e+01
7.814372572639820547e+00 5.046634738882827520e+01
1.328688068881025330e+01 5.131505509403451981e+01
9.138393439153304598e+00 5.352777222599801377e+01
9.699570131382028393e+00 5.432647173304276578e+01
7.779970436876797457e+00 5.166355505464379405e+01
8.114595990314690255e+00 5.208810662692823712e+01
9.414948241604429668e+00 5.477193340851398773e+01
1.080278830865856321e+01 5.145406231038197831e+01
1.179280931522094633e+01 5.057343407855852746e+01
7.698520122364032936e+00 5.312311327327493160e+01
8.512735274049518353e+00 4.791095003728008805e+01
7.169092935791295140e+00 5.171265973038160979e+01
1.061461651342385260e+01 4.784142678056822007e+01
8.079683356619728585e+00 5.077477482274866105e+01
1.130824215792267928e+01 5.140899272981762635e+01
8.843228350601462395e+00 5.428540657621496024e+01
1.186788935994640504e+01 4.785917841777710890e+01
8.555997866108720373e+00 5.205071218669328204e+01
7.201087489061690050e+00 5.353476314973013928e+01
1.145047316980823382e+01 4.818484913365547584e+01
1.112921516371755892e+01 4.924550480605653036e+01
7.845518666892854931e+00 5.105307432978592885e+01
1.011413765730819847e+01 4.886659144124750043e+01
9.101677815745240707e+00 5.257238780948948431e+01
1.447466952099346038e+01 5.155494715148357443e+01
8.184134527173085871e+00 4.884859200488074293e+01
9.375814641884151257e+00 5.312019287481593466e+01
7.260281891848626046e+00 5.272478591511065105e+01
9.019642985530252233e+00 4.848711516419848522e+01
1.095049148697215280e+01 5.026925228904154608e+01
1.029198447678839834e+01 5.158837559912129223e+01
8.247866876165039329e+00 5.003065475407439067e+01
9.744030050117979513e+00 5.368906953418171213e+01
1.315465969532267465e+01 4.832315963138265857e+01
8.662370380238494150e+00 4.940659665616123419e+01
8.147330561658334247e+00 4.916351105126526733e+01
1.318961845183556036e+01 5.202155184248751141e+01
8.155927414034980671e+00 5.258341609990704768e+01
6.668367925583921441e+00 5.098106595074894187e+01
1.398535101294874217e+01 5.154096571992439380e+01
1.260176053099075943e+01 4.793779472000458952e+01
1.348404894896320627e+01 5.074504597343679535e+01
1.099476147767211920e+01 4.956315203787701762e+01
8.097674263805927808e+00 4.871744970473369563e+01
9.366251207181779392e+00 5.160822332464474727e+01
7.089770914736902796e+00 4.973528689054446517e+01
1.045947935343363611e+01 5.061592422715768436e+01
9.302847767579688565e+00 5.077593277804083982e+01
9.511164697259609113e+00 4.865811183803978679e+01
1.059772875446325990e+01 5.000709984667388852e+01
9.721037177490231329e+00 4.794990256760137726e+01
1.195611268002228478e+01 5.117636886767785143e+01
9.046516055753945906e+00 4.789871402138409451e+01
1.261079257852320623e+01 4.889292355712160543e+01
1.069899696013132484e+01 5.091705779398571252e+01
1.185070972873067063e+01 5.343465350934099689e+01
1.111927444424104472e+01 5.447504755220258232e+01
8.053370023703049441e+00 5.227218639753053253e+01
8.685168122877330532e+00 5.146132438566264966e+01
1.354758544466456982e+01 5.114268218498557417e+01
7.035216731658148426e+00 5.160846414258320181e+01
1.178398856855375243e+01 5.370604846208689054e+01
1.061589327997166698e+01 4.929074546029053749e+01
7.070177946535548763e+00 5.243785686558533143e+01
1.022329858677110792e+01 5.228122100993766708e+01
8.496405256449838461e+00 4.928074842643771802e+01
9.867263374967462752e+00 5.133376058754881655e+01
1.333091200123497089e+01 5.092474424992036575e+01
6.627783498054415467e+00 5.066970589650360779e+01
9.416368325464343769e+00 5.028825416646169799e+01
1.117196635171132435e+01 4.876921878023478740e+01
7.221147957543630369e+00 5.025520389033134450e+01
7.475888509067462273e+00 5.151276740989085567e+01
8.666880249663035940e+00 4.810858158822077257e+01
1.275678705650195255e+01 5.378635177550061286e+01
1.036216486890423738e+01 5.345484988170010610e+01
7.916876166738235909e+00 4.990278754245598947e+01
1.137717404465046478e+01 4.907950860458135622e+01
9.751681818611187325e+00 5.260104161564462544e+01
7.987367466904213842e+00 5.191210429106941859e+01
1.230070228968424573e+01 5.252287691945672776e+01
8.973876042970019284e+00 4.972235601480300460e+01
7.929522330972050170e+00 5.264566202664278904e+01
7.166552096226687318e+00 5.095617480455499759e+01
9.160129521864986302e+00 5.137226798615166956e+01
1.018040665733157724e+01 4.972143053022843873e+01
8.413483738997056705e+00 4.952224397578971349e+01
9.057333000711144777e+00 5.034917546598477145e+01
7.444544126506929871e+00 5.102667759884040066e+01
1.179664358446939332e+01 4.881928883825307963e+01
7.174146228024373961e+00 5.143396126458945616e+01
1.380393472265818566e+01 5.283518472326393578e+01
9.828585745733443346e+00 5.242560038917113729e+01
8.531252999045548790e+00 4.836359262100734213e+01
9.922448741759399837e+00 5.348816890941148472e+01
8.952283619074750121e+00 4.931790319558078295e+01
8.997605342783499438e+00 4.872252436302001399e+01
1.228823397538677575e+01 4.990612176529182875e+01
8.746358240371845838e+00 5.089045741633808007e+01
1.177627348751672365e+01 5.181695885252815970e+01
1.219412839820125072e+01 4.761404299270240870e+01
9.971807345096452835e+00 5.376562453777521711e+01
1.089848933100023132e+01 4.779993275123437968e+01
8.858553567467618350e+00 5.176376879873841119e+01
1.045572465608258028e+01 4.804396441536351148e+01
8.232609238618360692e+00 4.790474440645945720e+01
8.281638974591039926e+00 5.110625479920190628e+01
1.247291418018457954e+01 4.862117287387312814e+01
1.204786292675188974e+01 5.186293943200962531e+01
1.098764883085958388e+01 5.216955748559265515e+01
8.941142709115405651e+00 4.911196175049649781e+01
8.364223284802612568e+00 4.966587739817063607e+01
6.842702712395423603e+00 5.148477842794987680e+01
9.658228689874141182e+00 5.122868117943253452e+01
9.433148448983070367e+00 4.807795347383511597e+01
1.023232067522899058e+01 4.851966783124036908e+01
7.830330927725917434e+00 4.835159248700627899e+01
6.860667266965467803e+00 5.099407059256324004e+01
8.679503643992205753e+00 5.382021714519368771e+01
1.033899512584801883e+01 4.772103502343696135e+01
1.040936708152375978e+01 5.216044057421010649e+01
1.201053969732896221e+01 5.131533311862055768e+01
1.120865092869368596e+01 5.035679381210504602e+01
1.421584397087512386e+01 5.105014295901128207e+01
1.244739687757140700e+01 4.821349644314221194e+01
1.130358584985191683e+01 4.941935857069643845e+01
6.587865219655206772e+00 5.165586223437392022e+01
1.167333047821257352e+01 4.775554056650447876e+01
1.362520294423093503e+01 4.865906570109954288e+01
7.088346284997291136e+00 5.073205998049107279e+01
1.228143283593766633e+01 5.316681603778459930e+01
7.843972942393733661e+00 4.801469859062503076e+01
7.598656814713958596e+00 4.922064875110685733e+01
1.218037388242110275e+01 4.857613634174281003e+01
1.118591893386938452e+01 4.820179996153208180e+01
1.119577707265201028e+01 4.851459957723768923e+01
6.311250097135022052e+00 5.110831542724779553e+01
8.474034942373952717e+00 5.030454034720115430e+01
1.198475595718768183e+01 5.265567849381625365e+01
1.302757343943122237e+01 4.902861678306447146e+01
1.033511611196100333e+01 5.138223640254255997e+01
7.786030079194178555e+00 5.125433734817227815e+01
1.184712279214562081e+01 4.947924327764435048e+01
1.210689147235516394e+01 5.410350653060279313e+01
7.798366546551233291e+00 4.758822884128098707e+01
6.651458452940634203e+00 5.137339993998034515e+01
6.812396873260283314e+00 5.122675746063116264e+01
1.357733706806279628e+01 5.202391816446603912e+01
9.922762216826255255e+00 5.153809272729871793e+01
7.595024841462230114e+00 5.037401645530734129e+01
9.131548477170808198e+00 5.223931972160298187e+01
8.607427636315804875e+00 5.235432684697124728e+01
1.070260327657050858e+01 5.410595341063892505e+01
1.120641408948929474e+01 4.768392219302574375e+01
1.321611285295119842e+01 5.270013104189431630e+01
8.623257325791023220e+00 4.967578376248189898e+01
1.026199684905052045e+01 5.370660652170492000e+01
1.296738034846456600e+01 5.165142135822488001e+01
1.196739387262289078e+01 4.850636925411305356e+01
1.148149900649027799e+01 5.389822985119017318e+01
7.692291246961333151e+00 5.229147113355231369e+01
1.075072912948682102e+01 5.190815424610790529e+01
8.426134895885509124e+00 4.898520379945092174e+01
8.955331022341431080e+00 5.008637877912749303e+01
9.631502194483816837e+00 5.241070198010032755e+01
8.764139565127067044e+00 5.279270048489783562e+01
6.876738068776877988e+00 4.951000154261274844e+01
1.150977620097522980e+01 5.213520640805868567e+01
7.996365038260187852e+00 5.288280765072056511e+01
7.039413198883320177e+00 4.922526882791698455e+01
8.123337976564547702e+00 5.335029196192601120e+01
1.178120414173492847e+01 5.305374679264420479e+01
7.188963173175163313e+00 5.223296417216000975e+01
1.273497828538759258e+01 5.106515575622670156e+01
8.845452512460187933e+00 4.829497107803936728e+01
9.211004244774722238e+00 4.884086320435127249e+01
1.081012626423333955e+01 4.973097978105629835e+01
1.107648378014117618e+01 4.749739483913094773e+01
8.277868044991585350e+00 5.069908711194686646e+01
9.400766563628572214e+00 4.770433233152296992e+01
8.486832968847409120e+00 5.336318797087442078e+01
1.385955855675611659e+01 5.100231268774707161e+01
1.231326759722602837e+01 5.384340552742160924e+01
1.465546949159542400e+01 5.110402858480929922e+01
8.808653321406792358e+00 5.203500972551100290e+01
9.540431989847077077e+00 5.397760412498999472e+01
8.161263611857355826e+00 5.159489917123077163e+01
7.648021346381838725e+00 5.158091903073446360e+01
1.451511764133379501e+01 5.231404110571197208e+01
9.599735481515713431e+00 4.880081441484162497e+01
6.497839451597402061e+00 5.028960086388182305e+01
8.369720816833364552e+00 4.926624214921084643e+01
8.537855621728365207e+00 5.009951211378373870e+01
1.042253282813300608e+01 5.325680262344430105e+01
8.733352251820722500e+00 5.000179795402352312e+01
8.489511463326007146e+00 4.982770169892447853e+01
8.738496887461625562e+00 5.017452139767122787e+01
1.341319716283281593e+01 5.224372521690607840e+01
9.924221883167973601e+00 4.947900697904047718e+01
9.727124114988361825e+00 4.831570018014738110e+01
1.164821271296474237e+01 5.219357730158529307e+01
1.139047877197549496e+01 5.261903656003828189e+01
9.123526994044599547e+00 4.997365652327570018e+01
1.209651547425022855e+01 5.007794356007909897e+01
1.004337907864671031e+01 5.356503204055550782e+01
8.564367791463794788e+00 5.132987395183030799e+01
1.318014887108560984e+01 4.865558285796107185e+01
1.309731966842330664e+01 5.258808951825788114e+01
6.552989409505662444e+00 4.952816466872487666e+01
9.011768535288942061e+00 5.306713837909869369e+01
1.429012921514464907e+01 5.260268036574775152e+01
1.003251050756378859e+01 4.772804357544954001e+01
9.194078795146902294e+00 5.192872286677489058e+01
1.271768375379666693e+01 5.426757990236189499e+01
1.041870574827721541e+01 4.955113006594973513e+01
1.165324182762966565e+01 5.125766220744429091e+01
1.158477090359055062e+01 4.820451053648741180e+01
9.783806988642851366e+00 5.230963968074574666e+01
9.397812724009478202e+00 4.956599009514786047e+01
1.348851850329167945e+01 5.443435460832428419e+01
1.044960885594180766e+01 4.853182707081106884e+01
9.803502602918308995e+00 5.461927848013614550e+01
8.402617623588261253e+00 4.848949259917170451e+01
1.011982899563623128e+01 5.067565978320714493e+01
1.158095292479807092e+01 4.840020210915470500e+01
6.577630942135762382e+00 5.149478214141874588e+01
1.160262964341216119e+01 5.089335447088377862e+01
9.837201861381050350e+00 4.809385497367168938e+01
8.952609887662211108e+00 5.193419522247515374e+01
1.045139097807289552e+01 5.434162778201353916e+01
7.232545082452789487e+00 5.156466449152722475e+01
8.855907438826863043e+00 4.776889490606902200e+01
8.025949559860075411e+00 5.035835536418202452e+01
6.976685075570665973e+00 5.119244530137914495e+01
1.281095342949486948e+01 5.212186257942074263e+01
9.202489551525982137e+00 4.869327988532582197e+01
7.904309304528514879e+00 4.916342707494089126e+01
9.086103947108417955e+00 5.453567677745397191e+01
6.461036913377768087e+00 5.081438500677697334e+01
8.748558563157663670e+00 5.036839033839280688e+01
1.293390559005619167e+01 4.841950528376193574e+01
1.165342647540841270e+01 4.806424938782125622e+01
1.179715975279620821e+01 5.260161842134758103e+01
1.260568877210141281e+01 5.147747382033324470e+01
7.047384567330279737e+00 5.090552864148713041e+01
1.008607021899961431e+01 4.825965897622802458e+01
1.230907175855956659e+01 5.135886814473828821e+01
9.351558662547139633e+00 5.060252918371450193e+01
9.161972743494990468e+00 4.983357495265649106e+01
9.586830649999999565e+00 5.000333390000000122e+01
1.073812973682298555e+01 5.270783137245195604e+01
7.551969825814669690e+00 5.282455785588210517e+01
7.083423757237893525e+00 5.169350380106476450e+01
8.363662114995044305e+00 5.489050328993951666e+01
1.323846112952040421e+01 5.253385339692719924e+01
1.355506541139046917e+01 5.264090286118663187e+01
1.332666685920240113e+01 4.838600096090388547e+01
6.728965349485359404e+00 5.145689268773269731e+01
9.448332365818574274e+00 5.247613269589224672e+01
1.306204412713928420e+01 5.336487077373630683e+01
1.066781527406923047e+01 4.806178976548928716e+01
1.290693528616318630e+01 5.253431305174070332e+01
1.024401109818996858e+01 5.399565768704714230e+01
7.133623614448222128e+00 5.126384235298334602e+01
1.214467691408278149e+01 5.106803316803808457e+01
7.396383004291237739e+00 5.206317757804391277e+01
1.152406130972842568e+01 5.165305958416308840e+01
9.766980400843474186e+00 4.910196615075153659e+01
6.132990125088658928e+00 5.175169687092042636e+01
1.250798316438252478e+01 5.082284672371299195e+01
7.396922087742482610e+00 5.063598703566953674e+01
1.279855831790567500e+01 5.080447080434088036e+01
1.274133646655716845e+01 4.865477929039931126e+01
9.866584870966379484e+00 5.043201133626875787e+01
1.108716647694052959e+01 4.972487030450346879e+01
9.482959174879557196e+00 5.185126474648173911e+01
9.034484167706855473e+00 4.890373188179274422e+01
6.570968978353288747e+00 4.996157274214458255e+01
8.351294390416226676e+00 5.163794399263116475e+01
9.488451698106770138e+00 4.920983388185659635e+01
8.026046038446301267e+00 5.114264287793109531e+01
7.837204026444021920e+00 4.856683717971822034e+01
8.500309261883504774e+00 4.806780692920884235e+01
1.228604610692781662e+01 5.057427759470059669e+01
1.157625548443852104e+01 4.813385014710978282e+01
1.094069205721357108e+01 5.427756994439978655e+01
1.337907090476536709e+01 5.244574507400319163e+01
1.111494067078497672e+01 4.784677570795599166e+01
1.030494925427727892e+01 5.287310851887191632e+01
1.033066407729200975e+01 4.884065875565059400e+01
1.386302964460204024e+01 5.339894688715691728e+01
6.898017114593310239e+00 5.112986213970435045e+01
9.202076130233274753e+00 4.848146213010676320e+01
7.643644361254922082e+00 5.137756321325336728e+01
1.178166903225554485e+01 4.916183382786729084e+01
1.364283163798599574e+01 5.381006954521521379e+01
7.512351124811304182e+00 5.350225955112234999e+01
6.211020349982416811e+00 4.995862578002849830e+01
7.646352256565920769e+00 4.760746704153790176e+01
7.666789778870197303e+00 4.974478052149686391e+01
7.828760186320103287e+00 5.340802282423610592e+01
9.265261707518478218e+00 5.099494723837614885e+01
9.386163702153407229e+00 4.937180484268196778e+01
1.198099510892493136e+01 5.149543720470775554e+01
7.507318968042344665e+00 5.139439848595626614e+01
8.565738330824931523e+00 5.166768449586178491e+01
7.239009163006404179e+00 5.051639765741960986e+01
6.899545028300003935e+00 5.181674138769557203e+01
7.883807865714626217e+00 4.775900613264617078e+01
8.417282260924862314e+00 5.197142678011938699e+01
1.120660573879288258e+01 5.339732686849133358e+01
7.305724908794377193e+00 5.147739316877447635e+01
7.177276087323081200e+00 5.334861697412451065e+01
8.840918424614983451e+00 5.362167298897992396e+01
8.849735935809414755e+00 4.986462667193656273e+01
8.347446341944962711e+00 4.875933399018200021e+01
6.811149858393294565e+00 5.066545763340684516e+01
1.037641318573874294e+01 4.828328301977904857e+01
1.020098458067517377e+01 4.942549218547946310e+01
1.329677816162318393e+01 5.294561626093167916e+01
1.097094666187603273e+01 5.084938943822780999e+01
7.940163253347771288e+00 5.100933317934170930e+01
7.587961070595921953e+00 5.100526256649899182e+01
1.086249650119560428e+01 4.808371795432567808e+01
1.475354638083129011e+01 5.094135501816933953e+01
7.955007233572088055e+00 5.149119273306057210e+01
1.249306016849651257e+01 5.286815563069030333e+01
7.630375794526706557e+00 4.793602586777230812e+01
1.283798449640386963e+01 4.820946163497050918e+01
1.012370638824070213e+01 5.242055932901983795e+01
1.019717626537814148e+01 4.794587109500633204e+01
7.148226057134785094e+00 4.928709970727361167e+01
8.814232623178190451e+00 5.145348527280008710e+01
1.234746349840177615e+01 4.895326491289713999e+01
1.327495201144829728e+01 5.356614403932267265e+01
9.097411907089844263e+00 5.417929697635356945e+01
1.145117491754171013e+01 5.008057437123937916e+01
1.218121107912126533e+01 4.822728645415396898e+01
8.102977924962338818e+00 5.005995432767404907e+01
9.629865266130719803e+00 5.288872415229493384e+01
7.578270556656828916e+00 5.212209004126946610e+01
7.967347818336349974e+00 5.063689104131394458e+01
9.214973627704793557e+00 5.266528136504278734e+01
8.356907291074838540e+00 5.286782769861606113e+01
1.443005466886459942e+01 5.179527154264782496e+01
1.167487930156570641e+01 4.897022195724608196e+01
7.251294489853154168e+00 5.188439079076876226e+01
1.042684060602265816e+01 5.192469197059514840e+01
7.499935476298503545e+00 4.945214484916211717e+01
6.499794701927404716e+00 5.122530508568754470e+01
9.568226065484456200e+00 4.847609782187199556e+01
9.695512219337674154e+00 4.955705525968357250e+01
9.778249747192184316e+00 5.074240582431826851e+01
8.941709857615022017e+00 5.054598448836584623e+01
9.784036040448627958e+00 4.995605431425879317e+01
7.154611892184115085e+00 5.081804523908017046e+01
8.884110818396205644e+00 4.859189448389300736e+01
7.850565906889513279e+00 4.958630774966060528e+01
1.302641052212959849e+01 5.110571608130180721e+01
1.111212939273368683e+01 5.120006461590564584e+01
9.503587579997416768e+00 5.138074059071741573e+01
9.178679637455026352e+00 4.910705436555118553e+01
8.723443335534625476e+00 5.172443919353132458e+01
8.132440496452540302e+00 4.758642756920281158e+01
1.109465360211679652e+01 5.382104907622195356e+01
7.471194317104251859e+00 5.023979996444293761e+01
6.920367106028479931e+00 5.256861142046744817e+01
1.018657461779032580e+01 5.174507871341860721e+01
6.239966527731739099e+00 5.070817435942639406e+01
1.073327706079500210e+01 4.908121921845188496e+01
1.262313239106931029e+01 5.057166832353724573e+01
9.157214463501114565e+00 4.768967536073488134e+01
7.948010425654690181e+00 5.312507535267265979e+01
1.167974030446099931e+01 5.041429902416911091e+01
8.059186805192771530e+00 4.960406313569851733e+01
1.226458525034351510e+01 5.182870115302223013e+01
1.466469673630369996e+01 5.187845415021018880e+01
1.261886003366988263e+01 4.823100738123899589e+01
1.186032127389198010e+01 4.831915215198677060e+01
1.253972766019959018e+01 5.215567666815677228e+01
1.085735457566583406e+01 4.823399735885236339e+01
1.040953817425462091e+01 5.413458007643227177e+01
6.948732725992891268e+00 5.087071185874719959e+01
1.161687081685172984e+01 5.069597172166990617e+01
7.382411165185977175e+00 5.114013368304475193e+01
1.020356023818815139e+01 5.337816880894857974e+01
1.299822116551573536e+01 5.064998753108835672e+01
1.061908129478596230e+01 4.968621092738418099e+01
1.326982906732900247e+01 5.238575362893478626e+01
1.275073656465596272e+01 4.839208749776511098e+01
8.196539566794717402e+00 5.190367061476830912e+01
1.026736734600178735e+01 5.078196083012103657e+01
1.073370675346492042e+01 5.349301432578936755e+01
1.325238679225317640e+01 5.069238973185478869e+01
1.200231191903164785e+01 4.808084116247516704e+01
6.120985843296523399e+00 5.080256541585244889e+01
9.804541285053609556e+00 5.206545272782045686e+01
6.145565140733481257e+00 5.103554770040116040e+01
1.185745821353730278e+01 5.094465705801288635e+01
1.098929208524400991e+01 4.899821842696027829e+01
9.911163106600957562e+00 5.236357318415150530e+01
1.003978203127341473e+01 5.015516456363872777e+01
9.410486518187205718e+00 5.336295889563405126e+01
7.057854731341906884e+00 5.212682203627478117e+01
8.122002312593416207e+00 5.089387946173959421e+01
1.242115251954188615e+01 4.925607630524140745e+01
6.425557037092948676e+00 5.117441131641789553e+01
8.347756572193159030e+00 5.238480174637972908e+01
6.941990501301400940e+00 4.924730757534539549e+01
1.464045092589447172e+01 5.140885901520599077e+01
7.007850515744655340e+00 5.063420444306743917e+01
7.338340493277990539e+00 4.971767923802510580e+01
8.466559342686007739e+00 5.261629610364112608e+01
7.026788034691096030e+00 5.100437554580478405e+01
9.891537987050986303e+00 5.112264056342645802e+01
1.244073366012405124e+01 4.783651705268383125e+01
6.594222533159688204e+00 5.181709995438111349e+01
9.941765952162006315e+00 5.269591873386637104e+01
1.138876902721411888e+01 5.228905395394523481e+01
9.130589969902434433e+00 4.933597173718300155e+01
1.105257620383419237e+01 5.146199547700962285e+01
7.047940175788367512e+00 5.145686730007206222e+01
7.142431650991134973e+00 4.949701624062958416e+01
1.056866366062102713e+01 5.159553512453865665e+01
1.305938762140092990e+01 5.399628101562965554e+01
7.323099543071760920e+00 5.078121909535735057e+01
8.507188086431991536e+00 4.912766769677729428e+01
1.407370747796487720e+01 5.128839086921485091e+01
1.145885992866819159e+01 4.926702042316472330e+01
8.806803420849925956e+00 4.875064033390746232e+01
8.618140293157287246e+00 4.953229717513676178e+01
9.731983227171454587e+00 4.866767600527429494e+01
9.720372971606488832e+00 4.755212327110852755e+01
8.184408898496435825e+00 4.934670415698050761e+01
7.164396569545150584e+00 5.115122249627180651e+01
1.099214777248489838e+01 5.067699350007215742e+01
1.352075544724885248e+01 5.247434800904547103e+01
1.207499951352469125e+01 5.089989054523626777e+01
7.368801747008921765e+00 5.305526386888853807e+01
1.134818656671639658e+01 5.097659591387925104e+01
9.879180830286841797e+00 4.827801276577767453e+01
8.263714660835729475e+00 5.135489065451388058e+01
1.380130506993463513e+01 5.251140934106425107e+01
1.108678753018373264e+01 5.015214037148379589e+01
1.131572757771606597e+01 5.193355544803190327e+01
1.175867904107725082e+01 5.404027012053872880e+01
6.271025553036123412e+00 5.126557985118137850e+01
9.234644149892041298e+00 4.831893158084902495e+01
1.326458371101167266e+01 5.156925905629432094e+01
7.610479203554911365e+00 5.061045585150748138e+01
1.042502967547639336e+01 5.377664618623769144e+01
1.284656200605474297e+01 5.299556550522147091e+01
7.638589646472466299e+00 5.250167291039642237e+01
7.864546850412382106e+00 5.083844525808901693e+01
1.180106362215299853e+01 4.994296899215810726e+01
1.132903867488584382e+01 4.810897862244298295e+01
9.491714487977178649e+00 5.127326792917354226e+01
8.558220387821263486e+00 5.315862800432539359e+01
