1.913433317871125183e+01 5.187840778748544324e+01
7.232753508800017883e+00 5.147186409792566764e+01
1.718597517619425474e+00 4.677365176525965040e+01
1.500022650919051515e+01 6.143341194445768139e+01
1.158731676874901950e+01 4.952535363475539754e+01
8.190205841000029352e+00 4.676623667700046383e+01
9.969661972426919760e+00 5.357177158234339487e+01
1.415840506159095114e+01 4.758712955629598440e+01
1.547499799265818510e+01 4.987102379619908277e+01
5.330228000006581368e+00 5.216902743576642365e+01
1.267555443530835291e+01 5.212497126450946894e+01
8.433429227539166462e+00 4.950701373800357175e+01
9.348121455999942597e+00 5.623445518800038911e+01
1.035260112783683439e+01 5.218522971598897442e+01
6.674915103774448966e+00 5.110432413905259352e+01
9.294985337227993583e+00 4.872089933559347230e+01
7.353696049320045169e+00 5.346870493218519726e+01
1.442281487901690440e+01 5.186524267968312785e+01
1.308595237649269194e+01 5.392799258842917709e+01
8.766747083246814398e+00 5.303199415749691781e+01
1.016505490316603932e+01 4.997139545676918715e+01
9.384527825669579215e+00 5.141953792401913148e+01
7.194095802912715776e+00 4.995696996900287701e+01
9.183777200784408734e+00 5.397371719879975416e+01
1.113772320326900100e+01 4.763916198845036831e+01
1.208804788669357144e+01 4.870653541651523000e+01
1.152978293503995744e+01 5.104662758807973688e+01
1.363087002660575564e+01 5.103467887293270877e+01
7.920911093889886345e+00 5.160897898672059370e+01
1.153883266243483696e+01 5.354550968749738615e+01
1.031040654999999440e+01 4.776971206102304279e+01
1.231172398266526002e+01 5.119537509875304693e+01
7.899027128293383271e+00 4.800414960108948037e+01
7.994301588960261107e+00 5.083053325673104439e+01
1.319706524154873506e+01 5.257318644582515077e+01
7.357978613528619150e+00 5.206317081332638708e+01
1.158112278809415940e+01 4.815174795106958783e+01
1.156219119001839246e+01 5.268504537104605845e+01
9.750615203595817349e+00 5.236013721262533949e+01
8.693618760000866530e+00 5.069926300455116319e+01
6.695008068090565700e+00 5.149119237884669786e+01
8.595155981933908507e+00 5.201705623622711983e+01
9.834555151159847242e+00 4.927579416795801137e+01
1.096230986208507829e+01 4.948360318679453940e+01
6.537944393331130755e+00 4.998387725973474716e+01
9.085056529426713823e+00 5.465790946567814501e+01
1.070254690041412715e+01 5.106031868419509578e+01
1.194722594344604438e+01 5.034611898517936623e+01
8.827308645588676228e+00 4.864830166078873219e+01
8.297343286305839172e+00 4.897493816149149382e+01
1.228194375946548789e+01 5.297776130182926835e+01
1.337713737628518018e+01 4.861063637579537300e+01
9.531795348382800626e+00 4.781554726535098609e+01
1.363676005399227265e+01 5.402592203915191504e+01
9.012420502239150366e+00 5.000881488145906673e+01
6.967276503060119808e+00 5.091810112080667494e+01
9.834014033683732947e+00 5.103024409106709669e+01
1.084878535823055756e+01 5.229161403275692521e+01
1.089826584105443175e+01 5.411415682359117341e+01
1.377932268835107621e+01 5.335830033314330478e+01
1.026263298018550252e+01 4.886115485084288679e+01
1.210748489139611017e+01 5.394955962540743855e+01
6.944038255086484313e+00 4.934381482614875836e+01
1.272755626138883223e+01 4.813120349693496536e+01
8.061854785380097255e+00 5.214485402317572493e+01
7.542560946742901784e+00 5.027225430605140843e+01
1.198662453238339864e+01 5.149852711220066226e+01
1.344611038041399453e+01 5.242568966656168072e+01
6.298784253082677864e+00 5.083296031875336496e+01
6.140478418665944460e+00 4.974630571825761649e+01
8.202571491311537955e+00 4.994543784802318953e+01
8.016612371822539274e+00 5.347424305822385548e+01
9.929446739293577906e+00 5.431068528179361010e+01
1.373086543829902517e+01 5.166916153539042966e+01
9.075892294401715077e+00 5.228662686041857910e+01
1.149463711249505948e+01 4.879573671339027641e+01
1.283445204790744398e+01 5.086114735431586809e+01
1.005276627590168026e+01 4.850248700626386977e+01
1.087841789290407668e+01 4.838694678695343043e+01
7.280928781396035276e+00 5.254969567427918520e+01
1.113550457341301403e+01 5.038027977805369773e+01
1.044674786270043398e+01 5.325612901358256579e+01
1.449515140644758660e+01 5.139130076558698335e+01
9.153101669724545530e+00 4.917384237266839619e+01
7.553413475266726351e+00 4.946410075168905252e+01
8.341884274488982953e+00 5.260533905425145917e+01
9.415545482496002094e+00 5.050064951197045815e+01
9.480532931559329413e+00 5.303135010566113294e+01
1.209667035295917437e+01 4.792305764397932677e+01
1.273183640945604722e+01 4.884067549565899924e+01
7.677547235962900452e+00 5.298229800136686407e+01
1.423568731366862039e+01 5.243487276170370137e+01
8.619801681311054509e+00 5.355928570378482334e+01
8.699429225667064003e+00 5.153134666500606187e+01
1.158371752696810653e+01 5.196200530563547915e+01
8.690656816624365177e+00 4.809583740164221410e+01
8.672229762872161629e+00 5.012786284122586977e+01
9.545480697245830370e+00 4.968684313740896386e+01
1.419349414849742175e+01 5.320701388960702616e+01
1.223014594354820872e+01 4.951371051938423307e+01
