1.718597517623515536e+00 4.677365176525919566e+01
9.725765660680387725e+00 5.238455646201831684e+01
1.500022650918585043e+01 6.143341194445203257e+01
1.547499799265560227e+01 4.987102379619912540e+01
8.391894214251177431e+00 4.850443066997881658e+01
5.330228000005390321e+00 5.216902743576594048e+01
1.913433317870682515e+01 5.187840778748434190e+01
1.182834283633369665e+01 4.979381451905381084e+01
1.415840506158866674e+01 4.758712955629592756e+01
6.730906100844169515e+00 5.146247306605095417e+01
1.357711061743647463e+01 5.262540031206812330e+01
9.348121455999933715e+00 5.623445518800010490e+01
1.163417944419688865e+01 4.814778933810903538e+01
8.190205841000102183e+00 4.676623667700042120e+01
8.396767907844562728e+00 4.998379985316170604e+01
7.787306292598433544e+00 5.165987828705508633e+01
1.244505501685338444e+01 5.136369968109587347e+01
6.133266749986851174e+00 4.975290147194733237e+01
1.018993576157997083e+01 4.998415052770881317e+01
1.451292189974923375e+01 5.141457351227904837e+01
8.142898901211960805e+00 5.356305985896456434e+01
1.039900479073881279e+01 4.851488520141733574e+01
9.460713155722119794e+00 5.346975518994774035e+01
9.373240205844867390e+00 4.871018313182549520e+01
1.076960776661207930e+01 5.242159281088884626e+01
1.209396739551437072e+01 5.411514122855712117e+01
8.921792066645103603e+00 5.220290356921378105e+01
7.035571270384119558e+00 4.933323500172600262e+01
6.606024089691080015e+00 5.103815362934525979e+01
7.189236674966032581e+00 5.223322545983218390e+01
1.289486777793104721e+01 4.880490916881536378e+01
9.317640212561162372e+00 5.104930767620365373e+01
1.092156488548484461e+01 4.992233329408686870e+01
1.023792165379341412e+01 4.755380549960808878e+01
8.504301384309695067e+00 4.944706072417820764e+01
1.014759317357401258e+01 5.430312245136718730e+01
1.149954311037008381e+01 4.875359455137278530e+01
7.183847686612170769e+00 5.116546542094361882e+01
1.174985219237401779e+01 5.053223455373367301e+01
8.117946422070527746e+00 5.044226216144942754e+01
8.689653339484204153e+00 5.309752912504195166e+01
1.096764482278836539e+01 5.079181889932698368e+01
1.020476210244774506e+01 5.338059143248604244e+01
1.184049586920144570e+01 5.195406782147198044e+01
7.963856634961466341e+00 4.759150285862053664e+01
1.385697485790104899e+01 5.099462776231442263e+01
1.240837651738632985e+01 5.045153863870657318e+01
9.181691744127734367e+00 4.904079524375185173e+01
1.442859044409007296e+01 5.188882310863032643e+01
8.801148811626378077e+00 4.803828174876340285e+01
7.900246358606861641e+00 5.100882895798009997e+01
1.261980744993642389e+01 4.823003781723307526e+01
8.319371830787932964e+00 4.901625730777837475e+01
7.173931093567143868e+00 5.144378577641408157e+01
1.307453418391607514e+01 5.236843055745035969e+01
1.361947499086709534e+01 5.381825700937322665e+01
8.959236435844525559e+00 4.956160208202096840e+01
7.193075353589883036e+00 5.335066249251122628e+01
6.835989698775941648e+00 5.086322326787723824e+01
1.288533479787183289e+01 5.052262799533467330e+01
1.107627024433474183e+01 4.942907017555413063e+01
7.304776538817156606e+00 5.248470243943362590e+01
9.904483955505080317e+00 5.153948030378067813e+01
8.843283247235509847e+00 5.011942012170941041e+01
8.399161670273013414e+00 5.192115965019851132e+01
1.127772110542601958e+01 4.749587269567862791e+01
9.931509596941490159e+00 5.358996000926004655e+01
9.411669156995483121e+00 5.478076257598180376e+01
9.400077920413592025e+00 4.770456660588472886e+01
6.136094154322973004e+00 5.082339137120158767e+01
1.165442500692830130e+01 5.125604492826023062e+01
9.346023774684526941e+00 5.384938056003127826e+01
1.422891483176916694e+01 5.308924252457168080e+01
9.572964694329385793e+00 4.983608693157826508e+01
6.988341132749090967e+00 4.999270874945847254e+01
1.213770039213859775e+01 4.920029740690043241e+01
9.392433958504534885e+00 5.203366655293505261e+01
1.093554858058237400e+01 4.837924731424693903e+01
8.101897403648296248e+00 5.254873432860013338e+01
1.229816422359210826e+01 4.860198833419823927e+01
1.100627943252344565e+01 5.050911700745053423e+01
1.185885143813674958e+01 5.264193178743354196e+01
7.459347304353649122e+00 5.040135633877061849e+01
1.137804566295158892e+01 5.362533479561002991e+01
1.011415028226352675e+01 4.886576590122507469e+01
7.432438472552558295e+00 5.148702236595219262e+01
7.736502666133621808e+00 5.229533569822435624e+01
1.332071296474781263e+01 5.252320412234458047e+01
8.749199430423299617e+00 4.853819558577067994e+01
7.854430919068878580e+00 4.809985236303651845e+01
1.009904989323148428e+01 5.231242089789100191e+01
9.983760879899016061e+00 5.085519265939139899e+01
9.974322423377746105e+00 4.835788811179639168e+01
1.215016826583488907e+01 4.782203989277844158e+01
8.959318398121725480e+00 5.051786813964672973e+01
7.788618649104433800e+00 4.985185692127737411e+01
1.290708663647978938e+01 5.083308687878312071e+01
9.141773836207647719e+00 5.150060723095919712e+01
9.129231249352217858e+00 5.256862005896215351e+01
1.031297092805944260e+01 5.374485527400519658e+01
7.166002315733797090e+00 5.084699203164037584e+01
1.189482957585517831e+01 5.140481896814934970e+01
1.362397264846935663e+01 4.866222959914487234e+01
9.796143288670849714e+00 4.764506259147240286e+01
6.800549138254465831e+00 5.113546606316891285e+01
9.050314391220780408e+00 5.116755633826178240e+01
6.772295242139821703e+00 4.930533610623774621e+01
1.096652285129686888e+01 5.120450480761878964e+01
8.434205632149332388e+00 4.925250175669626884e+01
1.072860502195145926e+01 4.760976870234874525e+01
6.302692911677628018e+00 4.996719267446007251e+01
1.370493633279845369e+01 5.150394499689436856e+01
1.052786410433821551e+01 5.226808971256483005e+01
1.229123473742107464e+01 5.252036462667272332e+01
1.214383891522300374e+01 5.106774600238608031e+01
1.038788775406358411e+01 5.164524166067354827e+01
7.217321124253086140e+00 4.936444481549295205e+01
1.109116264189796652e+01 5.182340769450447482e+01
1.290337026652433750e+01 4.775259034041269501e+01
1.159788466348047997e+01 4.995262578996235447e+01
7.984646291581062982e+00 4.841645794179332540e+01
8.410624029768538179e+00 5.319135970859593954e+01
1.081580007850704739e+01 5.391067014352248066e+01
8.997910160279046110e+00 4.872244116259895463e+01
8.566139887527921104e+00 5.133118828750775720e+01
1.228927831597782117e+01 5.162284693552088299e+01
7.617457471734629948e+00 5.194123221015482983e+01
6.315083395523964249e+00 5.153648979937325691e+01
7.706038255002094495e+00 5.128318872732562994e+01
1.139919485980869851e+01 5.065804099155688078e+01
6.952230770550193562e+00 5.168055951951209437e+01
8.024399896473619620e+00 5.226396382156960385e+01
1.195263292061727611e+01 4.845674530298164484e+01
1.045981928266865602e+01 5.061576033366468153e+01
1.262647510233482073e+01 5.345104379626468472e+01
9.676325616928250994e+00 4.927024038543469686e+01
7.899405275864314291e+00 5.310349624588366169e+01
6.299334841881395697e+00 5.082945680767497976e+01
9.103684675417602179e+00 5.021438967128607800e+01
1.163586088468606761e+01 5.218210115261913984e+01
1.353046630015647267e+01 5.248732582393071056e+01
1.099903071973534097e+01 5.220386292287539476e+01
1.170393389015896446e+01 4.776244455873673189e+01
7.957951721444631588e+00 5.167810441769916707e+01
1.076464096154474603e+01 5.335827086500282235e+01
1.356138843835476138e+01 5.116500008430551816e+01
9.484574422055215948e+00 5.126053003158259003e+01
8.091864716815010183e+00 5.080159574945524525e+01
8.239039450488014893e+00 4.763180517866829433e+01
8.733490920207376718e+00 5.000228366603767682e+01
1.062692144152711649e+01 4.926484006204738364e+01
9.865197460188968037e+00 5.042929583796843218e+01
8.666004599371195383e+00 4.888244396352125420e+01
7.737017993899446111e+00 4.945726467786266056e+01
1.234188940467800322e+01 5.119234854429126358e+01
9.133318790651966168e+00 4.847909547694688115e+01
8.989650609999994657e+00 5.237629804644249276e+01
6.698315823916446199e+00 5.156144147105569431e+01
1.462857229891048405e+01 5.213227932709973800e+01
8.731512226895548068e+00 5.214735699335013663e+01
1.471652494327630833e+01 5.120664732456012302e+01
9.234644149892041298e+00 4.831893158084902495e+01
1.031859544383766369e+01 4.813474319653721523e+01
1.131615046356168008e+01 4.941750817641871407e+01
1.307758274618879568e+01 5.424343832149535416e+01
9.026394321073400562e+00 5.444747373405549240e+01
1.085250939043119800e+01 4.869823959629476207e+01
9.176803950463346737e+00 4.882091142359431046e+01
1.284748232910250998e+01 4.821189522539030037e+01
1.010644257672564272e+01 5.356461631726116224e+01
8.409049974132452476e+00 4.951368267091207542e+01
8.263602490955836544e+00 5.135480618109364315e+01
9.696407740579818579e+00 5.426618723202924599e+01
8.503961871999745625e+00 5.014999731299072039e+01
1.329777830605295463e+01 5.225494580121132060e+01
6.987457027024380984e+00 5.102059888447131186e+01
8.484121483670595154e+00 5.337940002254286753e+01
9.952026349184391663e+00 5.191556919619247878e+01
1.228783121020291347e+01 4.956675216402816631e+01
1.447417464630424888e+01 5.155473953809546117e+01
8.452515832335450341e+00 5.054321006968936558e+01
9.185883340546501685e+00 5.287132560107882995e+01
8.346733684590089908e+00 4.876132361037193164e+01
9.639784467883053765e+00 5.285619242471855728e+01
1.097829801776362402e+01 4.955626280725921617e+01
1.391641648964754552e+01 5.186594253625565187e+01
7.407421517420482715e+00 5.109392781157967534e+01
1.143403259508653669e+01 5.095592052097809699e+01
1.318847087066297519e+01 5.202332600443012467e+01
6.678248854389625677e+00 4.976909121460022334e+01
8.748914611403883157e+00 5.172151105824175943e+01
6.440418673420901463e+00 5.118533369752864104e+01
9.621786583120387704e+00 4.874199536520455212e+01
8.608425680119230705e+00 4.809624243756929474e+01
1.189154385271706893e+01 5.027105340673784895e+01
1.153309346123606005e+01 4.811156921914565032e+01
1.030788823612575023e+01 5.092482384277636243e+01
8.956624201756673287e+00 5.008617744388262594e+01
7.801778044310573534e+00 4.761031814444697119e+01
8.681490925715854345e+00 4.939809288182002689e+01
7.469823577301246686e+00 5.171744647663446415e+01
1.327350843756456555e+01 4.837090247570638724e+01
8.551686098696849925e+00 4.974410274777482499e+01
8.247867406304431270e+00 5.003025369859291516e+01
9.898703538016560444e+00 4.981960380807397115e+01
1.366436157237214211e+01 5.411583735633690395e+01
1.082476854711824288e+01 4.806196202991058897e+01
8.904041503293328219e+00 5.196946322072331270e+01
1.279434970451964659e+01 4.919520328513651464e+01
1.329951813686584750e+01 5.294534812017768388e+01
1.040458973782446073e+01 5.215841802140683825e+01
8.559803996365637602e+00 5.210163534398627405e+01
1.171688782059284151e+01 5.311287793520951794e+01
9.012235768655846968e+00 5.306804357084281776e+01
1.124111531458804869e+01 5.028982553243709219e+01
9.707024725138252208e+00 4.829819736257801566e+01
9.337094940088244144e+00 5.065370857108436553e+01
1.408463804603409564e+01 5.228249005961579599e+01
6.994217210880967706e+00 5.148042530728581312e+01
9.465498115681169722e+00 5.248296722158764993e+01
8.531305891595263091e+00 4.836402751784601861e+01
9.656446322767783030e+00 5.054043293872666709e+01
1.254494931146269465e+01 4.789470923914051070e+01
1.329870725892076067e+01 5.133516380701852455e+01
1.250792681663771511e+01 5.082285431226205219e+01
1.326505734915741641e+01 5.358218190522005386e+01
1.107509505717828446e+01 5.150129448580840119e+01
9.165932712124126525e+00 4.914883556179263024e+01
1.213422696471212348e+01 4.900401547582661266e+01
6.892743717726023789e+00 5.200042216827359454e+01
1.051563626585826050e+01 5.144907243318797185e+01
8.095341874779750313e+00 4.871867899470014862e+01
7.707302297637358635e+00 5.167872459353516490e+01
1.151344612583763372e+01 5.165535690133052071e+01
6.666277329734045409e+00 5.098509020827540184e+01
1.421682462374819877e+01 5.104844707283617566e+01
8.395050238947115773e+00 5.488909482903967785e+01
8.184108975684308618e+00 4.934726925468805092e+01
1.335007966277961344e+01 5.090366641519588597e+01
1.119248100028083037e+01 4.872869963087830314e+01
1.257847109599802238e+01 5.185877936781609066e+01
8.485081051555820153e+00 5.087153100784751558e+01
8.840918424614983451e+00 5.362167298897991685e+01
9.046631033769552133e+00 4.789889931791535105e+01
1.111511957684777485e+01 4.784795845190443941e+01
9.973995646786026015e+00 5.276958873105159853e+01
9.636119561104536047e+00 4.788238603182939102e+01
1.107576895340868539e+01 5.277323343962080315e+01
7.656124382256766836e+00 5.084644298351603453e+01
8.316684860632571841e+00 5.271009891231998523e+01
9.968943165645033133e+00 5.407254869318438040e+01
9.120540487737955004e+00 4.997320078188140258e+01
9.776676543112632345e+00 5.369447936766844975e+01
7.498665010315554547e+00 5.139259517799762023e+01
1.158387445538073024e+01 4.876186568855186465e+01
1.125436955079126022e+01 4.806794928474214146e+01
8.109364461660167223e+00 5.337097419388084774e+01
8.745367096694870668e+00 5.089093114577602961e+01
7.229870419540067594e+00 5.029095483174418035e+01
1.018181862217576850e+01 4.972102632644184439e+01
8.182560884561526748e+00 5.207651927510161727e+01
7.228695532719029870e+00 5.057874216765205944e+01
7.429103419720620494e+00 5.230744963775114797e+01
6.589717935944548799e+00 5.128128452272599702e+01
7.809442132026083172e+00 5.048667350595842862e+01
1.359338633351689474e+01 5.324777677008025734e+01
6.204520473737347608e+00 5.176191156225512202e+01
1.221007908527504071e+01 4.812658092205405325e+01
1.089401814814419645e+01 5.174450014539549869e+01
1.062324873571613004e+01 5.000425501960563679e+01
6.511014018983690477e+00 5.058453414496536027e+01
1.299869421633711752e+01 5.286710607088178904e+01
1.030361519103505685e+01 4.775139325557161385e+01
7.521247517385372561e+00 4.967372171771266665e+01
7.922197415619468330e+00 5.115372540899441134e+01
8.777111496841779825e+00 5.033254402406017647e+01
1.032990280527379134e+01 4.883892447228238609e+01
1.402687163589185637e+01 5.355430828122668885e+01
1.180092323965464374e+01 4.844722551207784988e+01
1.186934823592534194e+01 4.782800222571570004e+01
8.845085518874775232e+00 4.829504316288683441e+01
1.197502068492528160e+01 5.069866248292255761e+01
8.566099564209984862e+00 5.166867010768609703e+01
7.082572678044347647e+00 5.072539721655013523e+01
8.212763723342963118e+00 5.315073916303195745e+01
1.146490290314649663e+01 4.924705210254622045e+01
7.987111631520588340e+00 5.195747394952765319e+01
7.380031398654713470e+00 5.355934857712252750e+01
7.584517374599482942e+00 4.778275000565665209e+01
7.624450461127437961e+00 5.162277885933770705e+01
1.226874182290298165e+01 5.380739182026566425e+01
1.261421418671810457e+01 4.889263248252051142e+01
7.580110906291063877e+00 5.281011454247280312e+01
8.696325061388151312e+00 5.056175926736739257e+01
7.272047043891054052e+00 5.127093248043671991e+01
8.364681153297548022e+00 4.966514040883975412e+01
1.223440757310641125e+01 5.184118505187467463e+01
6.161374378639651539e+00 5.102903027156541071e+01
1.344422096990598448e+01 4.881460858646688905e+01
1.218022580262117671e+01 5.000924096525122309e+01
1.153366531935776607e+01 5.393117696569370167e+01
9.379876883486080175e+00 4.944922453834902853e+01
7.959880856937444626e+00 4.991979815609122539e+01
6.866464775492453043e+00 5.099677106343581556e+01
1.060791851692069443e+01 5.382382860554698567e+01
8.882824924183243098e+00 4.921137278367262979e+01
1.200201145919945844e+01 5.148143273016835764e+01
1.201028021530820666e+01 5.131556991996594519e+01
6.702297727162483731e+00 5.136931968214724264e+01
7.039684708884411002e+00 5.160293508949423114e+01
7.998835092043714567e+00 5.141267415301341970e+01
1.017637578938063925e+01 5.047038269053131643e+01
7.449677920660258579e+00 5.161498892016392404e+01
1.294310323615910896e+01 5.116887077409980122e+01
9.197279699664028030e+00 5.389062389893214799e+01
9.657701766101485674e+00 5.122854327102636773e+01
1.004734199406331463e+01 4.909774962747108873e+01
1.099284250316551237e+01 5.024211346241430931e+01
9.795355595012669170e+00 4.791726042762574878e+01
1.019451259234445217e+01 5.174204569521899799e+01
1.102907747631817514e+01 5.098843554857552363e+01
9.433363313551755169e+00 4.807788014696212997e+01
9.351868310084331171e+00 4.884549972908144611e+01
6.581745395285577338e+00 5.178065055522885274e+01
1.029401191231253954e+01 5.347525750598846628e+01
1.120717751979347199e+01 5.231977978064993096e+01
7.644118678890766461e+00 5.007880446792158580e+01
6.974648317491396909e+00 5.252048727547507667e+01
1.099202397609076698e+01 5.431569927382534502e+01
1.184651157055004944e+01 4.947951852446422549e+01
8.802836352237266127e+00 5.310239913436539894e+01
1.324074522425388523e+01 5.252355108725555510e+01
7.033471827928050146e+00 5.134412176106155101e+01
1.383522743960607571e+01 5.250184493170732480e+01
7.012577793895582445e+00 4.955146263314190236e+01
9.852744685302184280e+00 5.234195840639725361e+01
6.977273793641492361e+00 5.119219746672319360e+01
9.926762290891968377e+00 5.348557922825811772e+01
8.160004278634374941e+00 4.954366587913671083e+01
1.129258639412754839e+01 4.823280091171213257e+01
1.371824949868958754e+01 5.106476950366091927e+01
1.042227565892350327e+01 5.325659874193715382e+01
9.590607100561571841e+00 5.456812494992441742e+01
9.424195162838714168e+00 5.317082162215853458e+01
1.251409900319820778e+01 5.238671115364736153e+01
8.938201762119312832e+00 5.475475743974784848e+01
1.228034785945849805e+01 5.312933023329041049e+01
8.350263465865781498e+00 5.158036046122312968e+01
9.792697901729752630e+00 5.310042034639234032e+01
6.720934425665955558e+00 5.121588712281497635e+01
8.208717460967143609e+00 4.811438110562360038e+01
1.265849829604196941e+01 5.143885366283282679e+01
1.274491313746578669e+01 4.815329535392954341e+01
9.743638292720239846e+00 5.078682992724387901e+01
1.081342057200810913e+01 4.847649902661054711e+01
1.088922050035458611e+01 4.780450999987305494e+01
9.145606736481171950e+00 4.979776489370532744e+01
8.850207646410838791e+00 4.985209629806900011e+01
1.014444248700438500e+01 4.803735673591387467e+01
1.309845513373514336e+01 4.900881858328539664e+01
7.903797398443774824e+00 4.916380798072684399e+01
8.916644305578529384e+00 4.896806273687859346e+01
7.368013303317512808e+00 5.306471497560374928e+01
1.075168271522371910e+01 5.190813618909352556e+01
1.439394304676180880e+01 5.117160489191909534e+01
9.566108832762349579e+00 4.854285011378157577e+01
7.751020206011557612e+00 5.143065324755193757e+01
9.295367536828067045e+00 4.854557420675352830e+01
1.304479910458810821e+01 5.163237411542271360e+01
8.606368386678614257e+00 5.236846820452606721e+01
9.883771516438148552e+00 4.947479577042930288e+01
9.195524724622840651e+00 4.892710153593601063e+01
9.777467042567604238e+00 4.898590348349188162e+01
1.398518851856700351e+01 5.154007305513486159e+01
1.332791514973370894e+01 5.404034002250970303e+01
9.146781792547391987e+00 5.132429549774710154e+01
1.147344881695692465e+01 4.779581689425610591e+01
1.013018737545682058e+01 5.255661256326720121e+01
7.829378970539929483e+00 4.800431334033250153e+01
7.598796740392159244e+00 4.922122895091450090e+01
8.602482705926538742e+00 5.015212230635228252e+01
9.222135372174159684e+00 5.192786996740973393e+01
9.416074574847984380e+00 5.174957848771047253e+01
1.056773068597872012e+01 5.300162570437636589e+01
8.296731286521566773e+00 5.072711077394834689e+01
7.276593261867388307e+00 5.162530988096555262e+01
6.843010243041852902e+00 5.148528387989970412e+01
1.020635336704061658e+01 4.842874192577280468e+01
9.104437659543524575e+00 5.219036158294984062e+01
7.869394243224212993e+00 5.349989815277303506e+01
8.606380497726918932e+00 5.193487902061780659e+01
1.033623787952755890e+01 4.911244134381603743e+01
1.169727734833382016e+01 4.823567137005332484e+01
1.044384702054690983e+01 5.420813725035754516e+01
1.247423422481227462e+01 4.862176131687704128e+01
1.080272673229549873e+01 5.145348663319904858e+01
7.261546485934282202e+00 5.272434497510234763e+01
1.059569959635808267e+01 4.780944439727475981e+01
1.274114326551516996e+01 5.428112991595807557e+01
8.775360185554152537e+00 5.141288958263140785e+01
1.163364017644986603e+01 5.192191138305248899e+01
9.084454991656151890e+00 5.181977466606498695e+01
1.278943914912522395e+01 5.379766946965510499e+01
9.980576242140958954e+00 5.374895142621483757e+01
1.343051949614166674e+01 5.249817845866476773e+01
1.139011848681827388e+01 5.262463720806763234e+01
9.900782920107690899e+00 5.217568553998599867e+01
1.343488785304203681e+01 4.857516107640849157e+01
1.450857646987854821e+01 5.231389403910636560e+01
7.817124497266831007e+00 4.832955551257566640e+01
7.232929304355957711e+00 5.190791093552630286e+01
7.115171512195078485e+00 5.152197197296194275e+01
8.193809822615573779e+00 5.189677437502686530e+01
6.958318424621440457e+00 5.085404791966097804e+01
8.855878490929750768e+00 4.776894406032239715e+01
9.162154629821307239e+00 4.870958581568257273e+01
9.827522977773259782e+00 4.881080097849383748e+01
1.098493442240529916e+01 4.905408933319091602e+01
6.580001062932559819e+00 5.151109628907722993e+01
1.116942448727000681e+01 5.119928274365535259e+01
6.996563954085340598e+00 4.923582408868526272e+01
9.515387240369891586e+00 5.232731977807282675e+01
1.108875208374964316e+01 4.972407482416781477e+01
9.076333035515283143e+00 5.415687059651936153e+01
8.522905511045379967e+00 5.319808300331100526e+01
8.806248852144644701e+00 4.875013252199536851e+01
7.096256835146079744e+00 5.169286936860690673e+01
7.950583173567570050e+00 5.066061724676744404e+01
1.054459139139567192e+01 4.809052069148890496e+01
8.572735863429295833e+00 5.354439788197741024e+01
8.638723794523901489e+00 4.920605603627382862e+01
1.250936577625629731e+01 4.932509447508783040e+01
8.426528307665055451e+00 4.899795289129438913e+01
7.578969341073445776e+00 5.212116732946105202e+01
7.320933864384133294e+00 4.928592780138786367e+01
1.160543462410993243e+01 5.085985341580361307e+01
1.059053026887173843e+01 4.968231486536744512e+01
8.627774637087510357e+00 4.987308304764768963e+01
1.320130976773348408e+01 5.268706571340759126e+01
7.132922255269908973e+00 5.126345562351130525e+01
9.068225561461714435e+00 4.931608019860805570e+01
7.031710178873942674e+00 5.213995149562820330e+01
1.166822040243823366e+01 4.806992840468151940e+01
1.212957778981975210e+01 4.969880185692197472e+01
1.158444916731448515e+01 4.819863959282126586e+01
6.463611081430210348e+00 5.080073151599944481e+01
1.404861670165551857e+01 5.125038825144834931e+01
1.348201787649520611e+01 5.443670760095214689e+01
1.039931934131772451e+01 5.129553425876481754e+01
8.095019553385926159e+00 4.975285442128733848e+01
1.276601008276568727e+01 5.087503262588538888e+01
1.065706182834533600e+01 5.110191360285010376e+01
6.571913756590749500e+00 4.996242200380320497e+01
8.015786857977381885e+00 5.089794464894075787e+01
1.003165126709342836e+01 4.773162260938057955e+01
1.290583862677425842e+01 5.253583986330193767e+01
7.600428701719911473e+00 5.036843136293480683e+01
7.008326420619741981e+00 5.056650956218638271e+01
8.543288072802493360e+00 5.009099369904294718e+01
1.043563388013303950e+01 5.022796615900941930e+01
1.224448088524996692e+01 5.061672578128134603e+01
1.216396097050582803e+01 4.855104335188551801e+01
9.177835469799694224e+00 5.342706957506874232e+01
9.645781983122683201e+00 5.377366098177479614e+01
7.581367681466998576e+00 5.101485350121082973e+01
1.053037992603725392e+01 5.246986272952737096e+01
8.340831964900070616e+00 5.239347551136172854e+01
6.812823055114405335e+00 5.123033051091335466e+01
8.738368289293056534e+00 5.017433086258712649e+01
1.307790342827335905e+01 5.100483288338666199e+01
1.030556236438054185e+01 5.287406196454463014e+01
9.836350648159147170e+00 4.809405662450570418e+01
1.207621622056939259e+01 5.089956531031113940e+01
1.493855934980787126e+01 5.113510819147116848e+01
1.196269374030170241e+01 5.116621876769526267e+01
8.773385464679824608e+00 5.278431068638649748e+01
1.269538075119133680e+01 5.289254642922639960e+01
9.386148291553951140e+00 5.028312798388345328e+01
7.498838785760922221e+00 5.326492145487974028e+01
1.053662204672761327e+01 5.354845137816965916e+01
1.433442071880643276e+01 5.153037067919920133e+01
1.024377691590549588e+01 5.399688518305155327e+01
1.357915735542859892e+01 5.174316468627819177e+01
1.246581283568493959e+01 5.071975980350573110e+01
9.576231176256701616e+00 4.769081575641627779e+01
1.145476290985388346e+01 4.817226744200891630e+01
7.061859206968241764e+00 5.091848363467957483e+01
1.067806776936801505e+01 5.055831895588821823e+01
7.258230915575918374e+00 5.151081199561514268e+01
8.981717442424253406e+00 5.083296428962897551e+01
1.354293649130021748e+01 5.225773342325675941e+01
8.900429753917270759e+00 4.855981022471835473e+01
1.017838644785991065e+01 4.866583491424967178e+01
8.513437480603219143e+00 4.791195310509296945e+01
8.332463176031939867e+00 5.221038283291023419e+01
1.198800612433715429e+01 4.810516737470985760e+01
9.635026053881892594e+00 5.241169728032273412e+01
1.081092436596386541e+01 4.972963534981818157e+01
9.077912357236776586e+00 4.884117325129017217e+01
1.179628091156279979e+01 5.352926600780166666e+01
1.002971855377003862e+01 5.014754836320565801e+01
1.274174703046302781e+01 4.865323037946805584e+01
1.083379982310549217e+01 4.827000462902741162e+01
7.835956984845029005e+00 4.856777670035010885e+01
9.488451698106771914e+00 4.920983388185659635e+01
1.141757952080970995e+01 5.221828561355186338e+01
6.595623974340860229e+00 5.025807261427016925e+01
8.629698713284671641e+00 4.955598104603081566e+01
8.186816388917030451e+00 4.884923205091041609e+01
7.106242041856318359e+00 4.980317765232737770e+01
9.848819613860772648e+00 5.106302248114737097e+01
1.069395295951714786e+01 5.090003041544633788e+01
8.232609238618360692e+00 4.790474440645945720e+01
1.154440236277846310e+01 4.847270590111037336e+01
7.560390932512770057e+00 5.060309966993519026e+01
1.273020691147058514e+01 5.116136272599838009e+01
1.114024216888419616e+01 5.306647655291195775e+01
8.473664767161677602e+00 5.030508858362948388e+01
6.560897843466388046e+00 4.951743921091414080e+01
9.915791296605139138e+00 5.176501900255403399e+01
9.463810638967391498e+00 5.397621555987363706e+01
1.175836285907974066e+01 5.177252919988251278e+01
6.810781245562134600e+00 5.066492946568173750e+01
8.419861398263307706e+00 4.813642387440322068e+01
1.178101978560348506e+01 4.916178383499214988e+01
9.033879284429904288e+00 4.821433107305866628e+01
1.444451265930846873e+01 5.179132752633809389e+01
1.133552008316398130e+01 4.903674934267369423e+01
9.675030257603033590e+00 4.958063864995702374e+01
7.581534990233997462e+00 5.122274504991496258e+01
8.105217452206611384e+00 5.013349344139690800e+01
1.070755583397473387e+01 5.411154693355637590e+01
7.342528555977508198e+00 5.001850361297019276e+01
1.199309826790200617e+01 5.172006163579604987e+01
7.971597570195773308e+00 5.275557296161087351e+01
9.293922752915975138e+00 4.782633565999008596e+01
1.130848569523019620e+01 5.140938719177830052e+01
1.317953310175709447e+01 4.865560672619906057e+01
1.471701255531288055e+01 5.094317947712544736e+01
1.070867993925533668e+01 5.269283386015917614e+01
9.489588661857110807e+00 5.363588448275818621e+01
1.171497516779223780e+01 5.146970290821667504e+01
1.222790434562014994e+01 5.411542343948853073e+01
9.216612938683788059e+00 4.885117092679261219e+01
1.115847234770963681e+01 5.350771296411638644e+01
1.381571557794957350e+01 5.284061661876325644e+01
1.176788540807560857e+01 4.885452560808002431e+01
8.147273204802923274e+00 4.916359175950656635e+01
9.914728909193147643e+00 5.447522128906637562e+01
1.184921444312355021e+01 5.225197251710925883e+01
1.282196896342271586e+01 4.840274997009721147e+01
6.879875236836893393e+00 5.183942560324924642e+01
1.273274564704699330e+01 5.063764166451125703e+01
1.131474453991519979e+01 5.193146922341789917e+01
1.145095482628361339e+01 5.008225842511426151e+01
1.305006727053860160e+01 5.331908647601380835e+01
9.490003212100337038e+00 4.896147160502223272e+01
1.027578177112809854e+01 4.944933782246219067e+01
1.231147149357959591e+01 5.136554101198429834e+01
6.443340087568904195e+00 5.133822552915946602e+01
1.058890326162376994e+01 4.887999026873248454e+01
1.140428023693198512e+01 4.879420660809779520e+01
1.085291005775118656e+01 4.944035971067268065e+01
8.254244085415342269e+00 5.110628425092374982e+01
8.729042141867825677e+00 4.904779576935549557e+01
8.675655303247296501e+00 5.381677260190477341e+01
1.211758143736376248e+01 4.932977118723237453e+01
6.281936001626246657e+00 5.120099971364872005e+01
1.234761451681890776e+01 4.895200167311078587e+01
8.872877287904877619e+00 5.305551745014415133e+01
9.772420558363087650e+00 5.199224771299156345e+01
8.162009795091584863e+00 5.159616697324510426e+01
6.299716014733359515e+00 5.061858358453375217e+01
9.824825937040285950e+00 5.243655832419361928e+01
6.898025590446189348e+00 5.112966914368101357e+01
7.266855545732184396e+00 4.966862381342495780e+01
8.105153005753782836e+00 4.830056110008880665e+01
1.185912864735529482e+01 5.094581135299294061e+01
7.368651886089104153e+00 5.072937643945204655e+01
1.428636290590058167e+01 5.260601817947185310e+01
7.637799703097469362e+00 4.796042559939617433e+01
8.257726813875400751e+00 5.286650014394015784e+01
9.723666349988047131e+00 5.354478345810480278e+01
8.036962946846513134e+00 4.858013945603693173e+01
1.318383291850948247e+01 5.068946879895325708e+01
9.822700178370528334e+00 4.863920467440946993e+01
1.281182471416470392e+01 5.212235832350027920e+01
1.242420805343232182e+01 4.820132846557051920e+01
9.497161868012637953e+00 5.138688463484924540e+01
1.113470979872665545e+01 4.757829994248699279e+01
9.157524489096912745e+00 4.768955051646006638e+01
7.645710484956301123e+00 4.760765429558910711e+01
6.643266530909307299e+00 5.070186748680421829e+01
1.041246616227407351e+01 5.194781933245396743e+01
7.908484726713346902e+00 4.779871948782409419e+01
1.020450947940333108e+01 5.145826903324923052e+01
1.215886235498546064e+01 5.047480847697451622e+01
9.764005851684666837e+00 4.913543805497207018e+01
7.395903086588407227e+00 5.206418440488831578e+01
9.242289045200532627e+00 5.233525826733742292e+01
