1.718597517619425474e+00 4.677365176525965040e+01
9.180577796411906633e+00 4.847247865191543070e+01
1.913433317871125183e+01 5.187840778748544324e+01
7.033489185413896116e+00 5.201781639287265335e+01
1.500022650919051515e+01 6.143341194445768139e+01
1.377709320609072563e+01 5.104593107788449657e+01
1.415840506159095114e+01 4.758712955629598440e+01
1.007010915655268413e+01 5.427404289758109712e+01
5.330228000006581368e+00 5.216902743576642365e+01
8.190205841000029352e+00 4.676623667700046383e+01
1.032538371425417090e+01 5.192727793982744799e+01
1.547499799265818510e+01 4.987102379619908277e+01
1.179439600515811648e+01 4.883261252907287542e+01
8.011777024771102873e+00 5.093557367652423551e+01
1.287198247145939511e+01 5.382869254340801746e+01
9.348121455999942597e+00 5.623445518800038911e+01
6.627592168383708682e+00 5.101272010798957979e+01
8.413314017853274152e+00 4.951781515691470048e+01
8.806410798192175093e+00 5.304412450600523243e+01
1.198310299483397401e+01 5.099793463256783355e+01
1.023885716965085102e+01 5.006381161334210361e+01
1.348665692638017433e+01 5.249955160039392155e+01
7.052765298307685171e+00 4.932808625878153919e+01
9.003576595656038961e+00 5.466809902125575604e+01
8.110801062010430940e+00 5.194984047236236790e+01
1.163145726688477666e+01 5.185662974975398498e+01
1.071881035197768739e+01 4.790724754789150097e+01
7.719135399860448388e+00 5.354565378046468282e+01
9.421462981458047281e+00 5.127577028729744768e+01
1.400708266221702303e+01 5.147883635942327629e+01
9.042739057357550791e+00 5.000427347652784960e+01
7.949257345824723764e+00 4.840495303996028298e+01
7.084488076693006064e+00 5.155104426329049971e+01
1.272755626138883223e+01 4.813120349693496536e+01
1.047555145716748015e+01 5.344962095759561294e+01
1.068965020843127967e+01 5.106295144163215127e+01
1.177884946097791108e+01 5.394264734265271244e+01
1.105829723570125722e+01 4.949698457874418978e+01
1.021225286914099328e+01 4.854312147896322926e+01
1.133973948087666983e+01 4.814719651235170517e+01
7.099139507512232328e+00 4.986714734987945263e+01
9.489077306826375846e+00 5.230877354728629314e+01
6.475969080573296566e+00 5.066558620248953559e+01
9.679654199620831179e+00 4.878887382557734753e+01
9.098952052804353485e+00 5.393494468504219697e+01
6.133266749986754363e+00 4.975290147194731816e+01
1.241709815075014056e+01 5.068688811921734327e+01
8.173030523873805464e+00 4.875815831674818668e+01
1.368323779915391469e+01 5.405247269382540765e+01
8.761588231546390659e+00 5.151125221363096074e+01
1.249988060101031451e+01 5.239839278141718637e+01
8.435268531316125973e+00 5.253007061230812980e+01
1.192523973020615458e+01 5.140243289449696107e+01
7.208906629979327185e+00 5.080894986797014923e+01
8.304909326146214354e+00 5.000480430953493283e+01
7.382543827348345467e+00 5.155343143027636899e+01
9.909732061676942649e+00 5.355538185066188106e+01
1.361825087842573367e+01 5.329551737989581284e+01
1.276738008557099135e+01 4.919431851124723210e+01
9.693522295570586422e+00 4.806609563598796342e+01
1.383571154211305831e+01 5.182060891160639926e+01
8.218245978868695900e+00 4.767231555178522484e+01
1.171832895246313022e+01 5.316028281405032629e+01
1.189019843913337482e+01 5.034734824341564519e+01
6.637195754797427405e+00 5.139549884475699315e+01
1.102563624751254423e+01 5.018387225739024871e+01
1.340897916426877856e+01 4.858112472122217440e+01
9.615428797075166401e+00 5.047091251346969898e+01
1.076802471530484695e+01 5.246004354179813589e+01
6.983806469904159542e+00 5.103241178880793427e+01
9.954596284848332033e+00 4.986121769764341138e+01
8.888362455579473576e+00 5.075301439505222589e+01
1.445224664666751480e+01 5.185538924728483323e+01
8.101619398475902400e+00 5.039927686773093285e+01
1.088610352877499921e+01 4.838689185289813821e+01
8.969928931928299320e+00 5.229393286581390043e+01
7.262782467605671144e+00 5.248946260594958346e+01
1.210154476916092392e+01 4.965465610323623480e+01
1.447138953479811008e+01 5.146476990834219833e+01
7.541278553994037459e+00 5.003238266880669016e+01
1.290029998644958908e+01 5.160128378147900463e+01
1.233444107490558928e+01 5.118015177660801385e+01
9.276237776772218169e+00 4.947008344098463084e+01
1.209667035295917437e+01 4.792305764397932677e+01
1.160266003756237474e+01 4.814499372123329834e+01
7.726013779242348889e+00 4.954740677932752391e+01
1.215380070939220225e+01 5.399771375810165353e+01
8.085003434375243714e+00 5.352936406642567135e+01
1.129130349742613681e+01 5.371707768846617626e+01
1.067274463496543824e+01 5.391772911624000386e+01
1.319427440032066556e+01 5.099822887732923249e+01
9.640133647205294309e+00 5.292262454648536618e+01
7.837977514025572745e+00 4.804721873596583492e+01
1.007183879925310066e+01 4.944338728897346158e+01
9.465110496664326689e+00 5.357202219199439241e+01
8.746002665815248989e+00 4.890591215715677009e+01
7.707970817146078346e+00 5.142288196366006758e+01
1.019489217940307491e+01 4.893061729344255895e+01
1.231384946874786124e+01 4.857652734739290423e+01
1.010513522257179098e+01 5.230888275561206058e+01
7.148174342861257635e+00 5.345502171330684149e+01
1.394916074250901161e+01 5.261188816401265456e+01
9.436378439683885233e+00 5.465616265891674175e+01
9.012998495564911394e+00 5.191198469049787434e+01
1.101995454070260116e+01 5.103006033407078945e+01
9.898940256535698978e+00 5.168736175085519591e+01
1.257299346586443178e+01 5.303273427645770255e+01
9.129685447000641219e+00 4.879734344040211624e+01
7.615505460553758432e+00 5.195255866675530854e+01
1.106738102407233271e+01 5.217244987863381311e+01
1.329990220060373574e+01 5.215745587010589901e+01
8.316328676436476997e+00 4.903351667411723724e+01
1.121407251954909512e+01 5.282201838750638245e+01
1.143428390180873322e+01 4.923609614816539448e+01
8.525430320855823751e+00 5.201877126308476562e+01
8.564258531450182232e+00 5.013490077165132419e+01
1.329953826191391464e+01 5.371604242285758346e+01
6.621339240174649809e+00 4.981043918437519835e+01
8.940840510797501750e+00 4.798114970734074092e+01
8.637501883660515745e+00 5.360007845605920807e+01
9.397137317250111366e+00 4.867024874637898080e+01
7.946866326645035450e+00 5.166177540024700221e+01
1.022937182020790026e+01 4.773200286644828338e+01
1.420536445584235175e+01 5.307834531504574471e+01
1.126911948417625453e+01 4.758258232249529129e+01
6.376331696405748595e+00 5.124330949276389902e+01
7.544420871911357906e+00 5.108095731763182101e+01
1.476318467578278515e+01 5.108931106886895179e+01
1.148143367320974484e+01 5.089901243142879395e+01
8.280089791228279594e+00 5.153513795843237233e+01
6.227866124195490016e+00 5.087073501008362797e+01
7.770548368263133554e+00 5.301727640114032170e+01
9.798995836604976972e+00 5.092032519987416350e+01
9.699725069519494980e+00 4.923788372210427866e+01
8.477931739310337278e+00 4.817281460912457902e+01
6.791938793694665577e+00 5.118111681075338026e+01
7.157864492538541512e+00 5.127178455751086972e+01
8.773309381212499147e+00 4.850384976311473650e+01
1.266103557103301469e+01 5.420301640460930059e+01
1.296793509192602123e+01 5.250808964677739255e+01
1.103883567504536423e+01 5.437706687373753311e+01
1.216424568601876999e+01 5.172613129182926173e+01
8.064064132437675170e+00 4.979118798510010890e+01
1.440900754403836892e+01 5.231232036949072750e+01
7.421547612708892849e+00 5.039156325674996850e+01
8.141571874663606323e+00 5.275682705174119747e+01
1.164289710962076185e+01 5.222210988827142586e+01
1.151726350954959521e+01 4.873844067285839543e+01
6.748254546231120088e+00 4.935871667491834813e+01
9.258153634317128677e+00 5.050603394639522747e+01
1.012065682925418386e+01 5.269711364942448029e+01
1.213967619117190466e+01 4.907368938165965488e+01
6.855188577494089941e+00 5.089925595397279778e+01
9.161553078031957398e+00 4.912481513654346088e+01
7.746642581292242369e+00 4.766391795884057814e+01
6.405882112437916831e+00 5.173580636053029735e+01
1.047616544347881096e+01 5.062318643453303224e+01
1.183257894203353544e+01 4.840980938431133751e+01
1.285111520688385411e+01 5.080712522347668880e+01
9.538018181426346942e+00 5.405920430866466120e+01
8.989846238095511310e+00 5.422751235302225581e+01
9.084065193905964009e+00 5.272567774034172317e+01
1.044508082556044926e+01 5.317493593195691659e+01
1.220229476006597480e+01 5.311017804055217084e+01
9.790025641991915606e+00 5.236789711078492360e+01
9.604593672675374449e+00 4.974247494716013307e+01
8.636242993032483994e+00 4.934864695256685962e+01
1.068251634824019725e+01 4.948393631655093827e+01
1.090225045645352786e+01 4.891321695816323967e+01
7.960654774764470254e+00 5.231201084782513533e+01
1.088062700283045814e+01 5.177477092433704797e+01
1.275366870287539456e+01 5.196621604585341458e+01
6.795263508570270616e+00 5.146278141025489816e+01
1.157976816217578886e+01 4.997687455139223545e+01
1.401292695133431110e+01 5.345279241487016719e+01
1.014639696903160981e+01 5.355088744374840815e+01
1.338101415578960385e+01 5.150405987148179321e+01
7.336140090092954757e+00 5.287612262879557079e+01
7.371014829588398598e+00 4.936973918848170939e+01
1.044665828436941979e+01 5.224555576812772983e+01
1.035442650868107606e+01 5.120812619387007913e+01
7.834441769056013527e+00 5.062116108415297333e+01
1.186794990645521253e+01 5.346565198868065494e+01
8.449207676892022789e+00 5.070367125313763523e+01
1.328257559459136772e+01 5.256567949457838296e+01
6.429664939802004042e+00 5.019759608383152738e+01
1.320339305376223393e+01 5.415039252248675439e+01
8.420565725298033044e+00 5.316249933298639974e+01
9.923362199085188351e+00 4.841725217633725720e+01
7.432707618934592197e+00 5.350808025806443879e+01
1.136250073653464376e+01 5.145055801012119900e+01
8.804792847252766563e+00 5.018761936896861187e+01
9.483066108740279887e+00 4.770807946116140386e+01
1.244239219349964820e+01 5.137701323251282304e+01
9.314213174169534426e+00 5.165370855212599110e+01
7.441863762718165631e+00 5.218196959404209423e+01
1.283027308872354055e+01 4.879701156584232535e+01
7.043564992915728240e+00 5.069569456076818881e+01
8.632594270559682315e+00 4.983386268442129818e+01
1.189033961750148904e+01 5.263786530443019274e+01
