6.678655792174977179e+00 5.157734024794254424e+01
1.913433317870682515e+01 5.187840778748434190e+01
1.718597517623515536e+00 4.677365176525919566e+01
1.500022650918585043e+01 6.143341194445203257e+01
1.178621627646423420e+01 4.900519533360622404e+01
1.547499799265560227e+01 4.987102379619912540e+01
8.434205632149332388e+00 4.925250175669626884e+01
8.212945181697513419e+00 5.314751257048858690e+01
1.415840506158866674e+01 4.758712955629592756e+01
1.332443022743803240e+01 5.241168511868391278e+01
8.190205841000102183e+00 4.676623667700042120e+01
9.348121455999933715e+00 5.623445518800010490e+01
5.330228000005390321e+00 5.216902743576594048e+01
1.052825638757908244e+01 5.229787209275381343e+01
1.099806532366091183e+01 5.074543594943492053e+01
6.306603120203937429e+00 4.997375129678719219e+01
9.995698697080571904e+00 4.835237727301502986e+01
7.715647211944302697e+00 5.167675880654346088e+01
1.306239688805985821e+01 5.110188132277340856e+01
9.346023774684526941e+00 5.384938056003127826e+01
1.445478885560467219e+01 5.155135924240997980e+01
8.569853885763215828e+00 5.012773284398778628e+01
9.477812152748084529e+00 5.127533697704347304e+01
6.606024089691080015e+00 5.103815362934525979e+01
1.215016826583488907e+01 4.782203989277844158e+01
8.915093002651854448e+00 5.220034301912263430e+01
1.164870353148086224e+01 5.141377658705654596e+01
1.208495202817186076e+01 5.411867131858124225e+01
9.205666300564340432e+00 4.886790389219915198e+01
1.097253774167655926e+01 4.957119861279100093e+01
6.974648317491396909e+00 5.252048727547507667e+01
7.807071197288935060e+00 4.803535963239924911e+01
7.256410662107043663e+00 4.936304382466893514e+01
1.006701716281567194e+01 5.354955768517029924e+01
6.989580694642601344e+00 5.102158112767452991e+01
1.160507432804383399e+01 4.818271118881381909e+01
1.018993576157997083e+01 4.998415052770881317e+01
9.796143288670849714e+00 4.764506259147240286e+01
1.233738597364985168e+01 5.119267019295195098e+01
8.050838586979370604e+00 5.083856297563086457e+01
9.832260521485926219e+00 5.240134184099174774e+01
1.290337026652433750e+01 4.775259034041269501e+01
7.520175627153942166e+00 5.004648406159518714e+01
1.216150939146550769e+01 4.899736530926933398e+01
1.087974555951008782e+01 4.779817065524519393e+01
7.304622542171752997e+00 5.249187302648615372e+01
1.366437895586512141e+01 5.406874743468858924e+01
8.839221422135455697e+00 4.799666977441650317e+01
1.339250128242415450e+01 4.861956977142475722e+01
8.866901841532042639e+00 5.307038737622933411e+01
8.411469659886327221e+00 5.191669355320981794e+01
1.015073706513593699e+01 5.430392241596939584e+01
7.225307396375798774e+00 5.149666654843255742e+01
1.039094496973533666e+01 4.851176380894349904e+01
7.192743041823350225e+00 5.335359362652663151e+01
9.120540487737955004e+00 4.997320078188140258e+01
1.188360526371811510e+01 5.028302372517016749e+01
1.386942907189567720e+01 5.100896431048752078e+01
1.244697959299905854e+01 4.858088593076018924e+01
6.300462844302575860e+00 5.082506300982742431e+01
1.443350585724052770e+01 5.188014272941196481e+01
1.388881770159491680e+01 5.286403272693067379e+01
1.191944144699654728e+01 5.255884825450864639e+01
8.432374541053253125e+00 4.849340477672839711e+01
7.944615943515279000e+00 4.759986657260275678e+01
6.745111769916239730e+00 4.940892953369141338e+01
9.512298670557308711e+00 5.238133258620840849e+01
9.995010345963720511e+00 5.084478168818966992e+01
1.287842849990841643e+01 5.052924028568168069e+01
1.090898080964921135e+01 4.837552430012618032e+01
1.126703041633613722e+01 4.749764285466716984e+01
1.262659034058030016e+01 5.188425832448987052e+01
7.736502666133621808e+00 5.229533569822435624e+01
8.406130985626239394e+00 4.951116145134754731e+01
1.059815560989118488e+01 5.378312050433046210e+01
7.519138862623526265e+00 5.138742126098733110e+01
1.131498645301771333e+01 5.194513622618504911e+01
1.027443234785975612e+01 4.772821494484171723e+01
6.133266749986851174e+00 4.975290147194733237e+01
1.039752854277521088e+01 5.141191017811375730e+01
9.396402299034841477e+00 5.203499772354052766e+01
9.782999874241886218e+00 4.952589233295992699e+01
8.130869267534826861e+00 5.354705105501461304e+01
8.846952526802933647e+00 5.120549165708402484e+01
1.156486750359134419e+01 4.876191765237135201e+01
1.144437933284381970e+01 5.356445798804134739e+01
9.437069773181143262e+00 5.476135159691386178e+01
1.126436871511507221e+01 5.253323244346221799e+01
1.125564964392216538e+01 5.028730663127645784e+01
1.298493864796592057e+01 4.906494705021040659e+01
8.935972858450465850e+00 4.854635370343829237e+01
7.955879393129920985e+00 5.167616824302531597e+01
7.084597745724303230e+00 5.070683219268070019e+01
1.225232212806444565e+01 4.988165264076833694e+01
6.711056855963978052e+00 5.121891301930098450e+01
8.732934817706336617e+00 5.073173614021413869e+01
8.235525210068647795e+00 5.003734433360956757e+01
1.200340417240598967e+01 5.148570289797259392e+01
1.274701319205723138e+01 4.819425236804332968e+01
9.597607340080516636e+00 4.868863935386877984e+01
1.332127556599403206e+01 5.252727235843273235e+01
9.426522043221442715e+00 4.931857614545565838e+01
1.160543462410993243e+01 5.085985341580361307e+01
9.914495812595928825e+00 5.191176763711459330e+01
9.129017807151393882e+00 5.256601516735952373e+01
7.938096942038236570e+00 4.856120248409447271e+01
1.033623787952755890e+01 4.911244134381603743e+01
1.275470615749973646e+01 5.086669644380440758e+01
8.487131599727318232e+00 5.340617638891613694e+01
8.567162610965818104e+00 5.211479369238397652e+01
7.600153238893073038e+00 5.035496570163169849e+01
8.317357876834467589e+00 4.902035243436899492e+01
7.730874793369214792e+00 4.946426460787836987e+01
1.353940464871566363e+01 5.242742004848915371e+01
7.016532989207226123e+00 5.161645660648409972e+01
9.922223548875052757e+00 5.349641202053123834e+01
1.160768235741962862e+01 5.219385798065429327e+01
1.368382157698121659e+01 5.148510714171052882e+01
1.305006727053860160e+01 5.331908647601380835e+01
7.448917924760917408e+00 5.161398868331389167e+01
9.181599356711082294e+00 4.903507025124984864e+01
1.480903929229982907e+01 5.108562760759540566e+01
1.042859428639875574e+01 5.064765811735070855e+01
8.123940087191877879e+00 5.043257840864521313e+01
7.707317127990796379e+00 5.126764917240870290e+01
1.185519915831155657e+01 4.951159296470526527e+01
1.249321960046955837e+01 5.241971804789431388e+01
9.360834222190966614e+00 5.064354377564574605e+01
8.022574397321186268e+00 5.225370724794311883e+01
6.533035906838913220e+00 5.134050380329137653e+01
1.101958223920478019e+01 5.178378183722725936e+01
6.866464775492453043e+00 5.099677106343581556e+01
8.791106709712169121e+00 5.037517491741387232e+01
9.665432665136203028e+00 4.786652927975995198e+01
1.108020355134027923e+01 4.943407910481396073e+01
1.183991803561974621e+01 4.844542341661591678e+01
7.506852331730852868e+00 5.209871951068997475e+01
1.073841516641443228e+01 5.270748873912458521e+01
7.406239375074261666e+00 5.109041212900540785e+01
9.373240205844867390e+00 4.871018313182549520e+01
1.202072846409258133e+01 5.070871043791764521e+01
8.505077850195510436e+00 4.944801358658951074e+01
8.506489789560250259e+00 4.799894052188348326e+01
8.702212803546432340e+00 4.892479444607988626e+01
8.952815630652201762e+00 5.008923842617240041e+01
1.238696603805473906e+01 5.315950859562803288e+01
1.389410647456295322e+01 5.186510667719661427e+01
1.043786072404323306e+01 5.327402725725636401e+01
1.100462489813823197e+01 5.050669188687344047e+01
8.315256981651566903e+00 5.277699652277743780e+01
1.136053293478753545e+01 4.937097551355677894e+01
1.227864760438987979e+01 4.860206354085542557e+01
8.657611584801632176e+00 5.170921007506707667e+01
1.451359060766672471e+01 5.141350814888138387e+01
7.185957904598751611e+00 5.123601706558466873e+01
6.204520473737347608e+00 5.176191156225512202e+01
9.405175579684280862e+00 4.804938642839846352e+01
6.707145828290526524e+00 5.137727054445614527e+01
1.181072695211890533e+01 5.202322127377549776e+01
7.797440122334917234e+00 4.985132391225821635e+01
6.616685750873857685e+00 4.970819143148758457e+01
7.092490363908821926e+00 4.925526391246152258e+01
1.170393389015896446e+01 4.776244455873673189e+01
6.682019014652915700e+00 4.989161231671808849e+01
1.307648131815459891e+01 5.421012863735269605e+01
8.699097697410325125e+00 5.309255299753853308e+01
1.457172140358361290e+01 5.223056951685598648e+01
8.562238142429507093e+00 4.973004820607412313e+01
1.139919485980869851e+01 5.065804099155688078e+01
1.088768478062504741e+01 5.430839053541058092e+01
1.023448940775559279e+01 4.755461837385032453e+01
7.922280640222719938e+00 5.103478137703147155e+01
1.106214532742965950e+01 4.903472212257126017e+01
1.240206055392357953e+01 5.137327222479203215e+01
9.585414841507557071e+00 5.341263348254707211e+01
9.899624842013823312e+00 4.983451214749458558e+01
1.040961078105919135e+01 5.215878506102590961e+01
9.711344425283847670e+00 5.438928607169033569e+01
9.016291924575099870e+00 5.463551544807641847e+01
1.091990447399989606e+01 4.990633651462677278e+01
8.650781556779190140e+00 4.920932485077411656e+01
1.249315026215807833e+01 5.074486589341363185e+01
1.223906516983681314e+01 4.960000819854401044e+01
1.268353398960194411e+01 4.878313615183758856e+01
7.923375764772070617e+00 5.265210767887545984e+01
8.094615525154372548e+00 4.871993954998605147e+01
9.695692402697709156e+00 5.050709791695611273e+01
1.127018897668808428e+01 5.134410543898772517e+01
9.008654115843501842e+00 5.236496160739416439e+01
1.148379359873240801e+01 4.813616685920430172e+01
1.076960776661207930e+01 5.242159281088884626e+01
7.613742845217677413e+00 5.094437072215928453e+01
7.617457471734629948e+00 5.194123221015482983e+01
1.045574108275629754e+01 4.817993403424929255e+01
1.339941671919346611e+01 5.125030826819670438e+01
9.157524489096912745e+00 4.768955051646006638e+01
7.617734849070382452e+00 5.298364844625132264e+01
8.238524270308545283e+00 4.765367271323910359e+01
9.698319870540730747e+00 5.239465793418487749e+01
1.200849794385148073e+01 5.128965416628813756e+01
7.642750494774722902e+00 4.767956460512359484e+01
1.305259319343302238e+01 5.162336297066920565e+01
1.102102483146755496e+01 5.099807429150209259e+01
1.145095482628361339e+01 5.008225842511426151e+01
9.745205865559107394e+00 5.366904767730871129e+01
9.732175357532389270e+00 4.825074681058762138e+01
7.006151082815896380e+00 5.147824606040157391e+01
1.008231199830613889e+01 4.902429344238819908e+01
1.423562195755494741e+01 5.309158017706195665e+01
7.087407490985842884e+00 5.215097773882551024e+01
1.027388215690077367e+01 5.276659105752140988e+01
6.812823055114405335e+00 5.123033051091335466e+01
9.641270643025446674e+00 5.286939030870026102e+01
9.044415754597851631e+00 5.421354589943744173e+01
1.013478735183920776e+01 4.799325856941209167e+01
1.370644682997754060e+01 5.106854110030349148e+01
6.324838162166166455e+00 5.151006422380567784e+01
8.562951128642628973e+00 5.056017743655849728e+01
8.495003372664951868e+00 5.130496035079531936e+01
8.465105837451346815e+00 5.093409341908280652e+01
1.010169098715674352e+01 5.231663528185398349e+01
8.959056018824847811e+00 4.874180637301525820e+01
9.178104523682186766e+00 4.845619068996108325e+01
8.629407869183621571e+00 5.359329542454990047e+01
1.015849178332218727e+01 4.873430682447667550e+01
1.035334933212789998e+01 4.937584054052523186e+01
1.225871030873021361e+01 5.173165409637711321e+01
1.100389614480192435e+01 5.220454514291721182e+01
1.331155347865514926e+01 5.218686808804734056e+01
9.563526173656272888e+00 4.982033484666209944e+01
1.366240534055375022e+01 5.258228099329667771e+01
8.286961656918089503e+00 5.155850495246232867e+01
1.112999752438544654e+01 5.297152297361206053e+01
7.913541851911595870e+00 4.836855035040828454e+01
9.139963770349936567e+00 5.137459783473408237e+01
1.328087774006064947e+01 5.358754052373787857e+01
9.165814973446245517e+00 4.915004972012332018e+01
1.030574815373067743e+01 5.095369984374330841e+01
6.699232882489142504e+00 5.029331185870374554e+01
1.290583862677425842e+01 5.253583986330193767e+01
6.666277329734045409e+00 5.098509020827540184e+01
7.829110375618274276e+00 5.053163773533057679e+01
1.068976447486273429e+01 4.760014855394584288e+01
1.255582470286213770e+01 4.788688873526658796e+01
9.044445960536595663e+00 4.818295591870307248e+01
6.415651182863511437e+00 5.121420601894836011e+01
8.610617479820103171e+00 5.240108896904412461e+01
8.901514145788121724e+00 5.194860451317493499e+01
1.068473017672419623e+01 5.095050121229727580e+01
9.810150782994330854e+00 4.873965773520024669e+01
8.768652846069036499e+00 5.013079740217264657e+01
9.181967368642732552e+00 4.978772520472865892e+01
8.396767907844562728e+00 4.998379985316170604e+01
8.241363358502296066e+00 5.211110201606504688e+01
1.411435640578244488e+01 5.239257741891319142e+01
9.735139634555178390e+00 4.916124650311945032e+01
1.331294396250641121e+01 5.082733562695609919e+01
7.452897080870270585e+00 5.352186795715390843e+01
1.024324136100021576e+01 5.170598451626696601e+01
9.968943165645033133e+00 5.407254869318438040e+01
9.704229389038681930e+00 5.126014199256705695e+01
1.190336774817959942e+01 5.107262176129655984e+01
9.319626623051851411e+00 4.854355361970900162e+01
8.033782754282219329e+00 5.139725272104187326e+01
7.103460559954791975e+00 5.089247649033165288e+01
1.136354348467962794e+01 4.878022839211284634e+01
8.897615591666658830e+00 4.778918800358655261e+01
1.161078305231198193e+01 4.993207847260018895e+01
1.032657191593086310e+01 5.344263505906454270e+01
1.159008288888902527e+01 5.185121976094023211e+01
1.178842868908251340e+01 5.300322759306443743e+01
1.168391182372900339e+01 4.810979718357969404e+01
1.327350843756456555e+01 4.837090247570638724e+01
1.223810224476550168e+01 5.051279918258181567e+01
9.058449215840415292e+00 5.116003905583598055e+01
7.387657943802301119e+00 5.310892830624450767e+01
1.434916905844219137e+01 5.112841172639814147e+01
8.845085518874775232e+00 4.829504316288683441e+01
9.182501673563049138e+00 5.287795543313691837e+01
1.147344881695692465e+01 4.779581689425610591e+01
7.041797089689888267e+00 5.133408029902603431e+01
1.087191581672159657e+01 5.145584292840813134e+01
9.412539980372701010e+00 4.770964169765322538e+01
1.402439870330521821e+01 5.145951120127426037e+01
1.294499542824997107e+01 4.878227357032221079e+01
1.292834395838821671e+01 5.288807724302523638e+01
1.019843546786682609e+01 5.030149155536263805e+01
6.887208887236076826e+00 5.193117633385451626e+01
1.126514364609731800e+01 4.818781756636774105e+01
1.208616678021963686e+01 5.093727807453861089e+01
9.917953644920235234e+00 5.157828530212539420e+01
6.852330409983562909e+00 5.148307106245478337e+01
7.320302873937363231e+00 4.971546286868623810e+01
7.011280238052965963e+00 4.932467105432830579e+01
6.232751365798435472e+00 5.110817492855026245e+01
7.200433003051069925e+00 5.028757757391976213e+01
7.408775916929354111e+00 5.145142355581405980e+01
1.016793503804336218e+01 5.357031957205740014e+01
8.135498467872150030e+00 4.960666405959669589e+01
1.292256728129850529e+01 5.083495644959802462e+01
8.440798266892631574e+00 4.828760891814268774e+01
1.076664666206452203e+01 5.396436578807801254e+01
1.407152788188016324e+01 5.360953307165496540e+01
6.805099189700634099e+00 5.113297759341453741e+01
1.143544090441200467e+01 5.390010530484241258e+01
1.212455335238474419e+01 4.928490403563219502e+01
1.228841379440140358e+01 4.814443067141085209e+01
1.271321378127293400e+01 5.427335581986724122e+01
6.720014482428466884e+00 5.150063938047876633e+01
8.064460232748547952e+00 5.187698033165239053e+01
1.264012161502536102e+01 4.927208523646370253e+01
7.016930502866722819e+00 4.991665906993540602e+01
8.635967258701059635e+00 5.199294387803437445e+01
8.747469836324020420e+00 4.854823730315516883e+01
9.402689528120411921e+00 5.171765327383042177e+01
8.272326459031711821e+00 4.882795093452143931e+01
6.835967561785643021e+00 5.086187158326606550e+01
8.424572056894596983e+00 5.488306376228129579e+01
1.007650501333182547e+01 5.258022311143587757e+01
1.059530201642734148e+01 4.787584975529417619e+01
7.451729440411572369e+00 5.040696509742664233e+01
1.275002483491797989e+01 5.370857490393400724e+01
9.894129127054620554e+00 5.217259634036270199e+01
1.348201787649520611e+01 5.443670760095214689e+01
1.084741202123804626e+01 4.868337281348600243e+01
8.075351496652784178e+00 4.923105685058913394e+01
1.217481065619053382e+01 5.369584010013937103e+01
8.665685755730324402e+00 4.944994378080926367e+01
6.949034157181748661e+00 5.117360833696651667e+01
6.136619148153251047e+00 5.083716311019071554e+01
1.059053026887173843e+01 4.968231486536744512e+01
8.627846293636352470e+00 4.988834546516972779e+01
1.031949895412337881e+01 5.389291274705941959e+01
1.061405618873809331e+01 5.001555799573270633e+01
8.364681153297548022e+00 4.966514040883975412e+01
1.050652212029750743e+01 4.889642287389185071e+01
7.960696410233621734e+00 5.292041500070995852e+01
9.151073691698076829e+00 4.870317961061368095e+01
1.100547929916774237e+01 5.024916540203792437e+01
1.055258541588156262e+01 5.300094137533614003e+01
1.306295595589754122e+01 5.235743106672065750e+01
1.081462103067776503e+01 4.813400827793342529e+01
9.011512710631441436e+00 5.075566977596726304e+01
7.429103419720620494e+00 5.230744963775114797e+01
1.187956462738819496e+01 4.785172182068171765e+01
6.568877784704147516e+00 5.177977260087306632e+01
9.195835397479148909e+00 5.024069815719106202e+01
9.054823142395875379e+00 4.887850444272896056e+01
8.667597125191861096e+00 4.810904215390578997e+01
8.472677516275147980e+00 5.319595497145829910e+01
1.365024550098681999e+01 5.327100646128998562e+01
9.478002086278314309e+00 5.362950377610791008e+01
1.206467971366665104e+01 5.005536213016021208e+01
7.628201738453237901e+00 5.161925086068000468e+01
1.067806776936801505e+01 5.055831895588821823e+01
1.268301622248946003e+01 5.136243400572031703e+01
1.335135385549617482e+01 5.404304835731917223e+01
8.296731286521566773e+00 5.072711077394834689e+01
6.778732626389569305e+00 4.928585965827015514e+01
1.018218408718323609e+01 4.969939730023249069e+01
7.919151471008119891e+00 5.327382012579641213e+01
9.506112140476366434e+00 5.397582641079888077e+01
7.360701011639172897e+00 5.079376414622451819e+01
8.426528307665055451e+00 4.899795289129438913e+01
6.688896253806636771e+00 5.065590312300067666e+01
9.241090738536181348e+00 5.326159280536426621e+01
1.222840723108681615e+01 5.410698736077019788e+01
9.958781476911033437e+00 5.364478583801860623e+01
1.324643472574949854e+01 5.278217967899667684e+01
1.178753836729673310e+01 5.176162253919464717e+01
1.143774846060447814e+01 5.096169106280718353e+01
1.359327518712153271e+01 4.869646298255157291e+01
8.473664767161677602e+00 5.030508858362948388e+01
8.970389718443176008e+00 4.929216198326923148e+01
6.460374650268198238e+00 5.075018537182496203e+01
7.363805953233704571e+00 5.059146430346713430e+01
1.345858351319464496e+01 5.252356460914742797e+01
1.075223697947679113e+01 5.188808672763699548e+01
1.068395274160952368e+01 4.928164411807239986e+01
7.763196777831657514e+00 5.141222270076974610e+01
1.174985219237401779e+01 5.053223455373367301e+01
7.127727333114926012e+00 5.170849763883355621e+01
9.749035598901215849e+00 5.081394918457873899e+01
8.755129232795876959e+00 5.145578521906995206e+01
1.081438994971605005e+01 5.338257388262778136e+01
8.914820318509015351e+00 4.980373119351254019e+01
9.416543444770073990e+00 4.889620456595428521e+01
1.323451969762522751e+01 5.253833393219236569e+01
1.113115780204155314e+01 4.781914127129061853e+01
9.173014981537043866e+00 5.388369537703655254e+01
1.041246616227407351e+01 5.194781933245396743e+01
7.115406530542470520e+00 5.153133441200121467e+01
9.933085775748756063e+00 5.303014137667795325e+01
6.958318424621440457e+00 5.085404791966097804e+01
1.189482957585517831e+01 5.140481896814934970e+01
9.164154391056827720e+00 5.187898192731894653e+01
7.593169955948139815e+00 4.923069953082832484e+01
8.001293237679046655e+00 4.992093275837403610e+01
1.145356077164984754e+01 4.854176007715422969e+01
8.181084838163718231e+00 5.255760443612874155e+01
