1.211162670093352567e+01 4.903978323083068602e+01
1.718597517619425474e+00 4.677365176525965040e+01
7.064606317489452891e+00 5.166164079313465152e+01
1.913433317871125183e+01 5.187840778748544324e+01
1.500022650919051515e+01 6.143341194445768139e+01
9.745111223644155274e+00 5.451580573130242158e+01
8.190205841000029352e+00 4.676623667700046383e+01
1.368432301481713154e+01 5.085653278797794741e+01
8.537613585351561341e+00 4.943739458710105339e+01
5.330228000006581368e+00 5.216902743576642365e+01
1.415840506159095114e+01 4.758712955629598440e+01
1.134017535405963173e+01 5.214732737625807601e+01
1.547499799265818510e+01 4.987102379619908277e+01
1.314151376437030549e+01 5.236919769915900957e+01
9.379166930332090146e+00 5.167389662333152245e+01
9.348121455999942597e+00 5.623445518800038911e+01
8.110790351736465453e+00 5.351290240990357461e+01
9.806318083665928498e+00 4.878597833828611385e+01
6.627509737675742585e+00 5.101529618240231656e+01
1.368170909723648165e+01 5.413570791054559095e+01
1.173169164708421697e+01 5.033111600947847109e+01
6.657306889047224452e+00 5.007111619141954151e+01
1.162883321737516340e+01 4.816476456148005525e+01
1.012485526518582368e+01 5.357571548437786646e+01
8.429023757061520072e+00 5.091516558392302017e+01
8.485237700750452916e+00 5.230796331979063041e+01
9.744469273532654796e+00 4.994556342727765497e+01
1.443024516630203635e+01 5.154892581113115568e+01
1.158551258178065702e+01 5.395235054233810956e+01
1.013366129652732539e+01 5.259072271649487362e+01
8.739924265763775679e+00 4.854720410481434101e+01
1.106469696016693582e+01 4.946982052435905786e+01
1.226216575636008699e+01 5.175928871777530560e+01
9.036358243406938939e+00 5.456463959854226431e+01
7.316243633359690079e+00 5.248814354394564674e+01
9.056764367546950467e+00 5.003983369094191147e+01
1.017116478905599308e+01 4.810951206258188506e+01
7.185571410488870825e+00 5.086060236643769628e+01
1.064461706914404715e+01 5.107822185550419647e+01
8.150908884160239509e+00 4.814711893528693309e+01
7.511722008091905600e+00 5.005499772600940389e+01
1.273194498330063595e+01 4.817908947376645301e+01
1.421766864538689035e+01 5.265171306966525577e+01
7.963467097807849449e+00 5.168041178412678249e+01
9.465050801872525454e+00 5.319210045365286987e+01
6.745249946778331562e+00 5.150467549418435453e+01
7.435010575662145627e+00 4.974551741835019669e+01
6.958116201719679594e+00 4.923895930756538775e+01
8.601323071217926497e+00 4.983276171292956036e+01
9.936021916817235677e+00 5.077015072433323439e+01
1.272027155489273653e+01 5.115623354308529969e+01
1.173150997849502808e+01 5.275770364512855082e+01
7.453855553341624862e+00 5.329232951240791749e+01
9.424926548212861022e+00 4.773740546657035821e+01
1.169091290610258582e+01 5.136155987409857460e+01
8.744148190608102666e+00 5.162000204008716508e+01
1.306604299648575385e+01 5.413136435909245847e+01
9.393968858879528483e+00 4.936940212823918017e+01
8.526238778463277157e+00 5.317598575744285228e+01
1.075842104934579346e+01 5.246741441598957323e+01
9.481851146901579597e+00 5.365259350190614640e+01
8.316234595515078709e+00 4.899440304959684767e+01
9.016244135510262936e+00 5.233714778951192415e+01
9.165530088759222593e+00 4.883028325314452900e+01
1.217323896071107292e+01 5.317118490583905555e+01
1.083311233377012250e+01 5.415215401803420292e+01
1.367574085214367763e+01 5.154901915776014221e+01
1.207508835131781311e+01 5.386872900210406101e+01
1.416388521976937653e+01 5.347020701029885004e+01
9.921660644582535937e+00 5.202574558258366721e+01
1.025883708328381516e+01 4.762059846711552069e+01
6.133266749986754363e+00 4.975290147194731816e+01
1.152957751572939493e+01 4.875271450181652710e+01
1.191505366608563676e+01 5.108854993599275218e+01
6.313025991002039206e+00 5.080152314365474808e+01
1.072405562874119056e+01 4.810580360442634884e+01
1.037442818565699376e+01 5.209109026245049279e+01
9.178012538330275305e+00 5.055001718547457301e+01
7.398380352356705991e+00 5.160955794608244673e+01
1.340897916426877856e+01 4.858112472122217440e+01
7.731391021419520726e+00 4.767120490026645285e+01
1.249988060101031451e+01 5.239839278141718637e+01
1.018125369470901376e+01 5.000652180237844391e+01
1.101957452353757105e+01 5.094254593226269634e+01
8.092174662842547050e+00 5.040908571237371660e+01
7.615505460553758432e+00 5.195255866675530854e+01
8.789575301207085190e+00 5.308759789406877871e+01
7.633575876430330531e+00 5.278085787226342518e+01
9.803799358327426106e+00 5.237958397401705213e+01
9.713953558458134907e+00 4.922116960637067251e+01
1.021242450849811867e+01 4.852331066349717759e+01
1.037390202429291364e+01 5.321653646357261636e+01
1.223193600618129828e+01 4.953851346787442367e+01
8.124078672967975479e+00 4.972718751133015758e+01
1.322324300982833734e+01 5.152578814526997064e+01
6.963962926333705283e+00 5.106009030697293127e+01
9.464581041365667247e+00 5.405944611179188541e+01
1.383202370905536682e+01 5.245319654121369979e+01
1.208920399011782898e+01 5.090845010624944678e+01
1.063068192124736910e+01 4.997692777199696224e+01
8.799846275570121890e+00 5.017085359662503663e+01
1.294391517857707719e+01 4.880070659372669439e+01
8.406382126190129256e+00 4.952820296017043944e+01
6.582188223452716258e+00 5.174356534688017462e+01
1.209359762578874964e+01 4.790882974467768918e+01
9.640426696753440439e+00 4.812251878153373497e+01
7.990157508643694229e+00 5.224909562568122823e+01
1.087480270690763540e+01 4.868046584672239163e+01
7.130382384442773613e+00 5.209611178900479445e+01
1.362424738351716336e+01 5.326086841802417382e+01
7.570787179191832195e+00 5.135555684285314726e+01
7.456921095571002134e+00 5.045414463779980707e+01
8.801773499127053313e+00 4.806526078130056590e+01
1.366446133975677313e+01 5.271076281919039985e+01
9.934060538053611111e+00 5.351729890288044089e+01
9.141580977297342869e+00 5.132374699503774451e+01
1.331495091229094285e+01 5.080876270359980396e+01
1.445224664666751480e+01 5.185538924728483323e+01
9.503933894186015863e+00 5.241507234107087498e+01
9.992060301858295190e+00 5.155968088565239071e+01
1.191460548185025559e+01 5.169106005231535761e+01
1.015537801733416856e+01 5.429729265612892419e+01
9.023801894139319657e+00 5.395404492058865742e+01
1.078217088216547559e+01 4.912964470259094441e+01
7.822268182335352371e+00 4.802398859860727498e+01
1.021256825087964693e+01 4.940304165680755233e+01
1.165724826375993750e+01 5.191025139061094507e+01
8.000039676615809725e+00 4.856432914724478422e+01
1.364126380143871131e+01 5.377062648949726764e+01
1.126904234454200804e+01 4.753072464756281335e+01
9.466036911675658416e+00 4.973329104665920397e+01
1.479041126180087140e+01 5.108230758694040219e+01
9.255999446914715989e+00 4.848356094259622751e+01
1.217927194225409337e+01 4.852240211487711719e+01
7.309235225130366054e+00 4.941124134255603906e+01
8.438515435952893995e+00 5.185126916453135948e+01
9.451327692316770168e+00 5.462813774353529794e+01
1.241097312553236875e+01 5.139166488247039410e+01
1.154952078542084770e+01 4.996659690334433179e+01
9.506725855166491712e+00 5.127888825114595761e+01
6.987738842502015935e+00 5.087210944464690954e+01
1.100806442462204338e+01 5.221811939532528868e+01
1.143281269177266601e+01 4.922949480377808129e+01
8.090690280093324915e+00 5.077553716617284607e+01
6.871627292463060144e+00 5.137199501005256508e+01
1.268988234476536192e+01 5.416415802723182793e+01
1.260744283334131310e+01 5.308498332042105261e+01
7.176329511419066165e+00 5.123048438452678965e+01
8.609788947629466449e+00 5.058862732883196145e+01
7.439946922122567585e+00 5.359064215580151114e+01
1.279308650600646402e+01 5.193491113513585589e+01
1.170556684476578724e+01 5.222028272907538593e+01
7.026507667837905480e+00 4.987055286873702187e+01
8.405037802266384972e+00 5.262428972765734869e+01
6.394283426709920448e+00 5.122604023137060381e+01
8.768537309105942867e+00 5.481380332743912476e+01
1.137265207826014013e+01 5.264452797474914547e+01
7.676875047398759477e+00 4.944108179329199970e+01
1.060182157716295848e+01 5.061477000697715312e+01
1.060527928725125868e+01 5.383394191005916696e+01
1.420536445584235175e+01 5.307834531504574471e+01
1.151442131312368033e+01 5.095830494959322010e+01
1.110189258132981749e+01 5.030933080613336017e+01
8.575474888872770762e+00 5.144737975809862007e+01
9.573819727642002064e+00 5.058670028558128706e+01
1.195794420661550816e+01 5.141214562618719697e+01
1.073274115343115831e+01 5.198118603681662364e+01
9.177255370567470649e+00 5.471061559208963132e+01
1.109409670445131368e+01 5.376836865206697524e+01
8.689775070959210979e+00 4.923783924152493796e+01
9.075089672380292072e+00 5.188950900325893656e+01
1.425208017157541995e+01 5.116558389282279506e+01
6.641174541465551862e+00 5.138446650667616211e+01
1.304656001455347969e+01 5.105713522516853686e+01
1.123122461860412535e+01 5.133496051853862241e+01
1.328985558652334475e+01 5.213644566791410995e+01
9.486613869696194357e+00 5.209335866030347972e+01
1.221291927963913260e+01 5.053747322818804832e+01
8.637501883660515745e+00 5.360007845605920807e+01
1.151150556724844520e+01 4.808866590687443932e+01
7.881643077378394757e+00 5.138608026393659145e+01
1.175557449861183379e+01 5.335147275902904340e+01
6.378697820918999284e+00 5.019314188864507997e+01
6.243613010371046101e+00 5.164825579251331789e+01
7.801520907359144275e+00 5.307707480278712353e+01
9.351598662047294397e+00 4.870057766412168831e+01
1.377986281964116166e+01 5.104552231539759077e+01
7.286556918410875383e+00 5.286434427636685740e+01
1.454344979863988385e+01 5.226262266102284570e+01
6.827879584542315250e+00 5.090935325376138820e+01
9.136534939615659212e+00 5.287282345492965163e+01
1.288420918006774230e+01 5.254435279883703203e+01
7.951576027566007454e+00 5.101267763200013405e+01
1.404884314172328885e+01 5.174180417891906103e+01
8.167845775400154551e+00 4.760672317280516808e+01
8.300459881123643413e+00 5.000295239501468814e+01
1.181889996171059209e+01 4.953159593902870483e+01
8.911974471323350855e+00 5.084864783729329929e+01
9.742026970291998822e+00 4.761658497440429016e+01
1.322797821489399084e+01 5.364570111226942117e+01
6.750941612126776015e+00 4.936846832934273266e+01
1.233444107490558928e+01 5.118015177660801385e+01
9.926183113685073778e+00 5.402089289333381572e+01
8.764630408983395071e+00 5.211369784398888072e+01
6.566569072165344245e+00 5.065207768364214758e+01
8.551663736987091369e+00 4.803405175591091592e+01
1.042140863324000222e+01 5.228755529998576890e+01
1.014702953343867264e+01 4.878862796569021043e+01
8.824551838862635833e+00 5.271551753682109620e+01
8.553959633410988417e+00 5.013699857069346422e+01
1.090525672001037627e+01 4.836717541070621706e+01
1.028070436701557711e+01 5.093759848485672137e+01
6.789888365577571250e+00 5.117771245262404989e+01
1.273505689467788926e+01 4.921688796365054230e+01
8.989846238095511310e+00 5.422751235302225581e+01
7.787610872077499025e+00 5.359684007854572485e+01
1.328861550015991355e+01 5.253383837070287399e+01
1.056445208847044093e+01 4.781411797839345468e+01
8.269481772234327011e+00 5.153928001803060255e+01
1.451913324029101204e+01 5.141331127594743577e+01
8.876427676568253489e+00 5.140069046263535313e+01
7.853408640926885731e+00 4.989288507431965769e+01
6.614677695640774679e+00 4.974357053375705817e+01
7.324896529055743954e+00 5.143108592965718628e+01
8.746468159734263281e+00 4.890071526638504906e+01
1.332455091875408115e+01 5.409267336367933865e+01
7.170096990212630139e+00 5.026533357671284818e+01
9.775069378542790233e+00 4.953303563532640652e+01
1.108559027167908084e+01 5.444533999550749570e+01
1.255040621654279143e+01 4.873159073612130499e+01
1.138498765532258439e+01 5.358867147837174372e+01
9.082941538191288799e+00 4.937366056068054121e+01
9.915177320687575957e+00 4.840054189901324122e+01
1.182039128971114295e+01 4.840371538206046864e+01
1.269228875137795143e+01 4.786337835365561233e+01
8.184151162598007900e+00 5.311753309683874846e+01
1.298379927391199118e+01 5.382386916864325599e+01
8.081556530278941608e+00 5.195256392193512340e+01
1.287221397695763869e+01 5.077030990317627612e+01
9.677207495901114953e+00 5.288975848294061421e+01
1.091667306546188776e+01 5.128137825186581722e+01
9.751718714536021793e+00 5.365792065351809725e+01
9.964556367483790922e+00 4.788143092165359604e+01
8.989939859412693579e+00 4.866968439920706402e+01
1.097788032656308488e+01 4.986765438553067042e+01
1.112356494871027124e+01 5.295341909080771359e+01
7.148174342861257635e+00 5.345502171330684149e+01
7.694465672960423497e+00 5.047666221399694564e+01
6.969978542497709206e+00 5.252391755629454906e+01
1.347075888542997291e+01 5.248717362403645126e+01
1.040739278635217424e+01 5.147170573171678853e+01
9.188989509085256913e+00 4.912665548145184857e+01
1.077632519777449716e+01 4.952591541692989097e+01
1.359022612229037819e+01 5.190355032390029777e+01
8.523290907085417700e+00 5.202628159406918229e+01
9.753016841147703175e+00 5.094345826426827983e+01
1.106069106059915441e+01 5.180302563205883359e+01
6.144021333327506440e+00 5.092212526297302588e+01
1.216019137199975830e+01 4.998690284890363955e+01
1.249227271424221009e+01 5.074761819643632776e+01
7.706186754332550848e+00 5.161541390343300151e+01
1.193819533982743408e+01 5.029544516110308905e+01
9.492236522063082660e+00 5.031581399051379577e+01
1.319500989293274174e+01 5.289293912310920831e+01
8.473966377763437308e+00 4.834846963352688931e+01
6.996779076313290879e+00 5.147109003522023585e+01
1.202930398773891163e+01 5.347442561256994509e+01
1.063338532719760643e+01 5.308247147105389274e+01
8.087490119274118427e+00 5.265466782426707937e+01
7.075087833997764974e+00 4.936123694095392977e+01
7.561047491233603424e+00 5.098534386820174547e+01
1.387323423510813214e+01 5.190898465427184050e+01
9.010208957664826102e+00 4.824612964647324986e+01
8.175908524855939774e+00 4.924721846393580904e+01
1.199987101491011288e+01 5.259293939954637409e+01
1.133384261997435161e+01 5.064195385072963518e+01
7.819910339168575142e+00 4.832893607588729168e+01
1.398180904206164499e+01 5.151317850697048328e+01
1.386473298244321128e+01 5.344709578221913659e+01
7.461836268331657251e+00 5.218163382117929672e+01
9.210215003104142539e+00 5.391162928209246274e+01
9.217307330508468510e+00 5.341889673776676517e+01
1.339728234762261749e+01 5.120947955625439363e+01
9.414498031078590401e+00 4.894655993626235357e+01
1.219157558280884324e+01 5.409919945910093020e+01
1.021974852891197649e+01 5.026969516676270189e+01
9.616736098990214643e+00 4.864989798580687363e+01
1.097396559101448510e+01 4.782418185143712464e+01
7.102851339649084217e+00 5.067916258968082843e+01
1.156088365217728153e+01 5.168181945641745756e+01
1.038215821509337111e+01 5.342136734486891214e+01
8.917857036385525404e+00 4.977687143112672175e+01
9.973730175435816747e+00 4.978613693400718887e+01
6.890588828673624988e+00 5.194218982205136115e+01
1.233800820096815798e+01 5.292635252507684385e+01
8.922691265945790207e+00 4.777959472687336984e+01
1.422042268687146915e+01 5.227010594721531334e+01
1.126730334784630472e+01 4.819004658456173473e+01
1.038240166400854569e+01 4.904574975794826486e+01
7.148936796199458321e+00 5.150525037168181797e+01
