20363,0
17196,0
18583,0
9562,0
13232,0
13230,0
13147,0
13150,0
9908,0
24236,13
27269,2
26504,0
26195,15
24373,0
24780,9
27030,2
23931,11
26198,6
26203,2
25475,9
28091,8
24248,2
27034,2
27032,4
25506,3
24327,9
27525,16
17197,0
17097,0
10466,0
11746,0
825,0
749,0
19691,0
12876,0
14460,0
13849,0
27952,0
10471,0
14248,0
14590,0
1209,0
6626,0
5659,0
18123,0
8142,0
751,0
28319,0
18989,0
15974,0
674,0
12889,0
1428,0
1632,0
1438,0
10406,0
18048,0
10019,0
10032,0
10188,0
10235,0
10301,0
2203,0
7298,0
10302,0
18752,0
27878,0
18754,0
19758,0
8573,0
8396,0
11365,0
4264,0
7297,0
1954,0
12861,0
27474,17
27858,18
24169,0
23870,0
23869,7
23796,8
27678,5
24820,15
25390,5
13608,0
18532,0
19375,0
11745,0
14958,0
15044,0
14108,0
1834,0
3405,0
3407,0
18046,0
6019,0
13441,0
411,0
1546,0
5578,0
6719,0
6442,0
2771,0
2587,0
5441,0
24508,22
28302,10
23842,6
24344,17
24203,31
24580,4
26351,5
27147,7
24452,4
26194,5
24777,5
24853,4
24807,8
27663,5
10628,0
6480,0
2267,0
12968,0
13367,0
10542,0
18796,0
12829,0
12827,0
17096,0
27851,0
13145,0
28157,0
19035,0
9907,0
11546,0
824,0
748,0
12877,0
12878,0
14465,0
27903,0
14249,0
1210,0
6627,0
18121,0
10096,0
8141,0
750,0
249,0
19276,0
14412,0
25419,5
27197,1
25431,5
24779,2
24279,2
26844,0
27211,109
24328,0
27310,15
26380,5
24080,6
24968,5
25027,8
27063,14
15975,0
673,0
1633,0
1627,0
1976,0
1439,0
10013,0
10953,0
9999,0
10159,0
2201,0
28246,0
18756,0
20006,0
27972,0
8578,0
4263,0
4206,0
4193,0
5204,0
16428,0
16425,0
1953,0
13771,0
7422,0
17473,0
24597,11
24191,0
26900,11
27499,10
25919,64
27188,7
26677,15
24390,22
24897,0
26673,10
27877,6
26672,5
25592,37
24829,19
26931,0
24345,47
24128,4
24204,27
24247,0
1835,0
569,0
6016,0
416,0
1382,0
5574,0
6721,0
6443,0
2588,0
2589,0
5442,0
5443,0
2263,0
12966,0
13366,0
10543,0
11708,0
2334,0
19871,0
12823,0
12830,0
19401,0
12768,0
13618,0
13346,0
23046,0
13151,0
19475,0
9911,0
19333,0
27467,2
27681,0
26654,4
25227,0
24314,15
24823,5
24778,4
25457,1
26205,4
25434,0
25244,14
27552,2
26909,0
24881,3
26553,12
26843,11
24338,0
27036,59
26810,61
24935,14
27850,4
26151,2
7092,0
7631,0
826,0
11722,0
11084,0
12874,0
14462,0
11528,0
14252,0
5662,0
1213,0
6622,0
15968,0
15367,0
672,0
1634,0
1626,0
1974,0
1977,0
2804,0
8425,0
10157,0
9990,0
2197,0
1392,0
7300,0
4262,0
4207,0
4201,0
5205,0
21146,0
16884,0
21553,0
1957,0
24810,0
24402,0
23867,1
23924,11
27364,16
26708,1
27795,20
27388,19
24790,9
25183,14
24788,10
27902,7
26046,15
25685,8
27339,4
27544,14
17094,0
12976,0
14957,0
10324,0
10625,0
4246,0
570,0
571,0
1380,0
6718,0
4242,0
2522,0
12853,0
11713,0
2335,0
16683,0
20636,0
12822,0
43,0
17858,0
12826,0
27321,0
25226,3
24451,4
25428,0
27703,0
26942,4
24806,1
26969,3
27429,2
24003,16
23892,8
26199,16
26200,13
25435,8
25245,8
27693,3
24411,0
26589,0
24337,1
27919,9
19494,0
13617,0
13351,0
17291,0
9904,0
12698,0
13612,0
827,0
15194,0
837,0
18237,0
12875,0
11416,0
11529,0
11522,0
1207,0
669,0
668,0
1628,0
1630,0
1975,0
2576,0
8426,0
10001,0
9989,0
7788,0
1399,0
9519,0
4261,0
4204,0
4202,0
4290,0
18390,0
21147,0
23009,0
16021,0
1956,0
24081,5
25115,11
24969,16
25446,21
28175,17
25046,11
24430,21
23739,0
24253,23
24202,12
24549,27
27363,4
20082,0
19483,0
12972,0
10073,0
10323,0
4245,0
4243,0
1673,0
3257,0
2521,0
1722,0
15683,0
20970,0
16837,0
11412,0
41,0
11584,0
20282,0
12825,0
13310,0
13616,0
19604,0
9906,0
12702,0
27329,0
27915,2
27320,9
25081,3
24795,1
24803,5
25698,6
26137,4
26136,6
24822,5
25617,4
25840,9
27517,0
24410,1
27298,0
24966,0
26588,5
27031,16
24867,5
24961,8
25494,11
27605,6
7796,0
12700,0
7794,0
11119,0
11525,0
12027,0
10336,0
15192,0
836,0
834,0
12058,0
11524,0
11521,0
667,0
1973,0
2578,0
1549,0
1393,0
8427,0
9992,0
9520,0
4260,0
4203,0
27792,0
4200,0
4292,0
20160,0
9135,0
28386,0
23738,10
23850,54
23929,2
27392,72
24949,8
27402,158
25776,0
24223,31
26898,0
25450,0
26045,12
26293,10
25077,0
25038,659
24318,0
25595,12
24886,46
25057,17
24895,23
24677,50
24830,13
24152,5
18161,0
18883,0
10074,0
10326,0
4528,0
2162,0
1671,0
3272,0
2525,0
13032,0
1723,0
17704,0
17945,0
17960,0
19237,0
12195,0
11039,0
22903,0
17304,0
11413,0
22110,0
33,0
12071,0
11587,0
20357,0
21617,0
12831,0
13309,0
13085,0
13350,0
11693,0
9903,0
7055,0
19318,0
8136,0
11159,0
835,0
20931,0
13347,0
13259,0
26653,26
25243,0
24821,3
26895,0
24804,0
27542,3
27297,18
24965,2
24958,245
27179,5
25022,0
26783,10
27060,2
25412,7
23742,23
24232,5
23926,16
10322,0
1972,0
2577,0
1547,0
1576,0
8846,0
3274,0
9420,0
4555,0
1313,0
2281,0
3012,0
4259,0
4208,0
4199,0
17341,0
5165,0
20159,0
9136,0
14839,0
28173,0
11031,0
2524,0
25392,12
24227,13
26321,0
25449,4
24421,13
26065,3
27158,8
26249,0
25039,0
25037,133
24319,47
24317,2
25035,20
25043,0
27791,26
27504,27
26696,10
28385,0
24315,4
25242,10
24861,4
24800,0
24805,4
25480,13
25411,6
13035,0
1721,0
17896,0
21378,0
19840,0
17421,0
18217,0
19426,0
12196,0
11040,0
10443,0
16830,0
10128,0
2709,0
20452,0
19048,0
7192,0
12133,0
11408,0
22239,0
32,0
12065,0
11582,0
13086,0
13348,0
11697,0
19329,0
8206,0
10493,0
10700,0
11158,0
15966,0
19283,0
12159,0
838,0
115,0
10491,0
20939,0
27990,0
17220,0
1971,0
2579,0
1889,0
7242,0
17362,0
7240,0
27426,5
27373,0
26649,3
24360,0
27569,0
24996,0
27589,0
25021,0
25334,0
4571,0
5780,0
3283,0
4553,0
17655,0
8815,0
7869,0
6992,0
9229,0
1588,0
2148,0
1966,0
1312,0
3014,0
1964,0
1259,0
1237,0
1992,0
1821,0
4257,0
1331,0
16887,0
9137,0
17475,0
11029,0
2981,0
8882,0
17229,0
17895,0
17946,0
15927,0
17087,0
26248,13
25581,0
25608,11
24381,24
25042,3
24865,3
26808,12
28387,2
24856,2
24855,1
28172,4
25225,0
25251,12
24802,2
25092,4
24554,0
25820,4
25380,6
25661,30
19257,0
12198,0
11041,0
10412,0
21632,0
10129,0
10222,0
22654,0
18517,0
7214,0
12130,0
23584,0
23627,0
23533,0
11407,0
20905,0
20765,0
34,0
12066,0
22731,0
18807,0
13088,0
502,0
10492,0
10698,0
1416,0
19423,0
12161,0
116,0
20659,0
17985,0
1970,0
7229,0
5788,0
1890,0
2022,0
7243,0
18782,0
5678,0
5710,0
7736,0
16849,0
4572,0
4569,0
5792,0
25844,15
25508,4
25503,10
27997,0
26536,11
27175,8
25019,0
25020,0
25333,0
25495,4
26152,10
24959,8
24274,16
1568,0
3282,0
4554,0
9851,0
8476,0
8816,0
7868,0
6996,0
9231,0
1590,0
2141,0
1968,0
1311,0
3015,0
1261,0
1995,0
1823,0
4267,0
4258,0
4197,0
4623,0
7190,0
7485,0
9142,0
2029,0
2977,0
8876,0
2966,0
2269,0
600,0
19878,0
17606,0
19260,0
25580,0
24380,10
26320,10
24382,7
24860,28
24133,21
24854,1
27680,0
24553,0
26651,7
26650,10
26228,3
12197,0
11042,0
10419,0
16831,0
22661,0
28291,0
7213,0
12131,0
9179,0
11189,0
11410,0
18758,0
36,0
11695,0
18437,0
28380,0
28016,0
505,0
501,0
11205,0
11324,0
16424,0
11019,0
120,0
27724,0
17192,0
17988,0
19687,0
1969,0
9012,0
9058,0
9042,0
8321,0
7228,0
5789,0
2580,0
19607,0
9966,0
2024,0
17480,0
26575,18
24907,27
26153,0
27999,15
24268,8
25018,4
27203,0
25024,446
27204,0
25332,11
26555,5
26049,3
24551,3
28268,38
27028,32
27089,0
25378,8
5711,0
27802,0
4568,0
5783,0
2519,0
2506,0
5482,0
1567,0
2407,0
3281,0
8472,0
8817,0
8902,0
1258,0
7870,0
6995,0
2096,0
1589,0
2140,0
1310,0
3016,0
1993,0
1824,0
5790,0
4624,0
7187,0
4599,0
9141,0
14838,0
11143,0
2026,0
2968,0
8877,0
24048,10
27854,78
23879,0
25613,21
25610,8
25611,4
26304,9
27508,0
27471,12
24383,5
25029,0
24884,8
26083,17
24262,8
25427,0
2270,0
599,0
8367,0
1698,0
5862,0
7966,0
18108,0
17086,0
12193,0
10458,0
10417,0
18732,0
17601,0
17771,0
10310,0
16838,0
15585,0
13026,0
23571,0
11192,0
20833,0
22304,0
22783,0
17334,0
35,0
99,0
19839,0
500,0
12030,0
503,0
11208,0
11325,0
16337,0
16183,0
19251,0
118,0
17193,0
19689,0
27833,0
9057,0
24552,1
25754,6
24924,2
27849,2
26168,6
25782,10
26508,30
28290,12
25091,5
23758,0
26547,0
8905,0
28264,0
8325,0
7231,0
5779,0
2571,0
10048,0
9965,0
2023,0
19005,0
5950,0
5536,0
5712,0
6994,0
4776,0
5782,0
2520,0
2716,0
2247,0
5483,0
5481,0
1566,0
2403,0
2410,0
3280,0
12445,0
8331,0
2972,0
1262,0
7875,0
7701,0
3167,0
2142,0
1731,0
1309,0
3345,0
28060,0
4229,0
1825,0
8482,0
2437,0
8691,0
27400,7
25078,17
24049,0
25414,4
26678,7
27412,7
27801,25
26914,282
23878,12
25030,3
25612,6
26915,0
26343,15
25034,21
23716,0
24386,25
5778,0
4622,0
4601,0
4597,0
11144,0
16285,0
13352,0
90,0
95,0
8366,0
1699,0
5861,0
7965,0
14619,0
17227,0
7320,0
2374,0
9849,0
12192,0
10459,0
10413,0
10418,0
16871,0
19890,0
10309,0
20583,0
20228,0
8229,0
22560,0
8067,0
25041,44
25050,11
25063,0
24801,3
25570,4
24556,0
24579,202
26174,5
27579,0
26961,3
25479,0
23921,0
24269,11
26513,6
1625,0
21188,0
20733,0
9350,0
21273,0
28191,0
11191,0
22478,0
21649,0
21252,0
12214,0
11597,0
11635,0
12540,0
15355,0
15379,0
21522,0
22945,0
21421,0
40,0
102,0
100,0
494,0
19522,0
12023,0
504,0
13142,0
498,0
16184,0
19252,0
17378,0
20061,0
2970,0
9056,0
8904,0
8324,0
10041,0
9964,0
2025,0
21133,0
5951,0
23757,0
23828,0
23816,0
23974,6
25598,15
26210,502
25749,8
26798,10
24233,6
26361,4
23925,7
24113,0
24218,4
27224,7
27832,7
26682,0
28263,6
5534,0
5713,0
4775,0
2502,0
2717,0
8686,0
2242,0
2244,0
5480,0
1564,0
2409,0
12443,0
3459,0
17489,0
18176,0
4620,0
4595,0
22375,0
3563,0
8853,0
4852,0
3415,0
28090,0
4167,0
27781,0
4627,0
1592,0
2093,0
3556,0
3668,0
2143,0
1729,0
1728,0
1305,0
3346,0
2153,0
4230,0
2433,0
18574,0
27708,0
8829,0
4602,0
2432,0
25072,15
23881,480
26907,11
25367,33
25031,0
25040,15
17127,0
25118,7
26809,3
27403,13
24242,8
23715,0
28059,2
26756,10
27290,715
25857,37
24782,17
25062,1
21235,0
11145,0
12772,0
27934,0
89,0
94,0
8365,0
1702,0
7969,0
14621,0
7318,0
2373,0
9847,0
9493,0
10415,0
21935,0
22044,0
10308,0
20584,0
8231,0
8068,0
1613,0
23530,0
7500,0
13022,0
17266,0
25228,1
28360,10
24555,1
24925,0
24578,3
26176,5
26175,3
23920,8
26794,9
25781,2
24396,21
27232,0
27608,9
26591,5
23756,14
25453,0
23827,13
23815,0
26543,11
27698,0
9349,0
22230,0
21650,0
27794,0
27635,0
22087,0
13326,0
21253,0
11595,0
11634,0
12542,0
18731,0
22191,0
44,0
17673,0
495,0
18855,0
19204,0
10,0
1448,0
3560,0
10245,0
13140,0
496,0
19275,0
19066,0
19422,0
17377,0
20062,0
17759,0
2973,0
9052,0
8323,0
27701,0
21132,0
9962,0
2019,0
16283,0
11142,0
5948,0
5714,0
4765,0
26707,10
26793,15
28190,0
23950,0
25516,7
25028,6
23955,0
26209,1
27459,9
26796,10
24998,4
24260,15
25316,9
8685,0
2241,0
2249,0
4276,0
1996,0
4855,0
1556,0
10250,0
3279,0
2406,0
3458,0
17488,0
18424,0
3565,0
4854,0
9133,0
5485,0
1583,0
2094,0
3344,0
3018,0
3019,0
2144,0
1733,0
1304,0
2150,0
2434,0
19545,0
8826,0
5152,0
2431,0
6514,0
9775,0
25073,0
26262,330
23709,0
25076,9
25295,7
23880,13
23995,0
25075,17
26832,18
27712,12
26854,0
25986,5
24379,11
28089,20
24376,8
27780,4
25033,3
23723,287
25464,0
23702,0
24880,272
21698,0
96,0
382,0
603,0
93,0
8363,0
1701,0
8494,0
7772,0
2817,0
12783,0
13747,0
7315,0
2377,0
11026,0
9504,0
9492,0
22038,0
10312,0
21971,0
18066,0
16870,0
20200,0
10306,0
27726,0
21422,0
8232,0
20494,0
21121,0
21822,0
1614,0
23531,0
7499,0
11864,0
16797,0
25705,1
27933,0
24362,0
27468,0
27531,2
25260,0
24752,10
26489,17
24532,12
27433,23
24533,0
23647,0
9424,0
21191,0
21394,0
16832,0
22576,0
22256,0
20207,0
22976,0
12539,0
45,0
22242,0
22040,0
16287,0
19203,0
12,0
1445,0
28115,0
3562,0
10244,0
8361,0
9752,0
19399,0
9053,0
5707,0
10358,0
2018,0
5716,0
27790,0
8692,0
2254,0
26923,0
27697,10
23833,7
24040,3
27793,14
27634,5
27194,9
26143,19
26412,63
28192,15
23951,0
23954,0
23949,5
26515,0
26534,0
2250,0
4269,0
1998,0
4851,0
1241,0
10249,0
6438,0
2405,0
1999,0
3591,0
22760,0
3566,0
4271,0
4849,0
9134,0
1584,0
2106,0
3020,0
2145,0
2231,0
1734,0
1306,0
4939,0
4344,0
2435,0
17443,0
19463,0
8825,0
4273,0
8828,0
2445,0
6513,0
8364,0
23708,164
26916,1
26466,0
26339,7
27580,0
23889,0
23722,9
25463,0
23701,40
24389,28
25069,1
26714,38
27015,23
97,0
28083,0
381,0
604,0
91,0
1704,0
8495,0
7773,0
2814,0
12785,0
5629,0
2371,0
2378,0
11027,0
9499,0
9503,0
19220,0
16746,0
15945,0
21120,0
19798,0
1615,0
7493,0
11865,0
21250,0
13024,0
9423,0
22681,0
16793,0
17034,0
27500,37
27935,0
24923,0
25395,0
24912,5
24361,2
24660,10
27760,2
24359,0
26572,24
28087,9
26573,14
25671,4
24618,15
24938,4
25191,1
27725,7
26346,0
23991,10
27201,11
25172,0
23646,96
25112,21
27238,4
27666,0
22994,0
21173,0
20475,0
12571,0
11355,0
20629,0
11304,0
13120,0
12538,0
14793,0
37,0
19844,0
11,0
241,0
1578,0
10243,0
10084,0
9755,0
13102,0
9460,0
9467,0
18084,0
19364,0
5715,0
6669,0
2151,0
7265,0
4766,0
2253,0
24944,5
26554,10
24222,62
26128,111
23970,0
24301,0
26411,16
27455,0
23953,4
25593,13
25007,0
26514,11
26533,0
23922,12
26378,28
26578,9
26577,35
4270,0
4281,0
28072,0
20538,0
4850,0
1242,0
1240,0
6437,0
2404,0
3592,0
3567,0
4272,0
9130,0
7424,0
6484,0
1586,0
2105,0
3679,0
1342,0
3873,0
3021,0
27659,0
1322,0
3713,0
2230,0
3089,0
1250,0
2059,0
1735,0
1308,0
3138,0
16540,0
1425,0
2438,0
4274,0
2444,0
6512,0
27357,0
27287,0
27288,0
25070,25
23890,0
23888,6
25462,36
25048,4
25047,4
27809,0
380,0
8501,0
8499,0
7770,0
2812,0
5630,0
5640,0
5901,0
6608,0
9881,0
10751,0
10099,0
2816,0
7005,0
2375,0
11066,0
9494,0
9502,0
21109,0
17265,0
17952,0
8234,0
16846,0
20358,0
21668,0
19833,0
1623,0
7494,0
11866,0
11664,0
21249,0
18295,0
28082,0
24401,0
27541,0
24906,0
27557,26
24322,0
25258,4
25259,7
24916,51
24932,3
24942,5
24941,4
25262,2
24487,8
26962,39
27202,5
25171,10
21376,0
21524,0
22543,0
22609,0
20679,0
11893,0
14658,0
22380,0
22349,0
13546,0
16350,0
11354,0
22500,0
20300,0
22674,0
18357,0
18663,0
13119,0
12537,0
38,0
16576,0
14,0
243,0
10247,0
10648,0
25762,7
25759,6
25036,4
27665,8
25938,17
26838,11
25554,0
23969,4
24324,0
24302,0
24370,0
24300,25
23980,304
27454,39
23952,1
25006,0
24870,0
24055,405
25766,0
27437,3
24604,8
24398,402
28116,5
24643,0
10085,0
17898,0
17901,0
10275,0
13100,0
17936,0
9463,0
7267,0
4767,0
2252,0
2226,0
4746,0
2413,0
5645,0
8154,0
10475,0
1243,0
1239,0
1552,0
5398,0
6485,0
5543,0
3607,0
1585,0
2104,0
3680,0
2100,0
6705,0
1345,0
3532,0
1389,0
3533,0
1905,0
2875,0
5823,0
3011,0
2146,0
1321,0
2229,0
3085,0
1249,0
2068,0
6090,0
2563,0
21125,0
4545,0
1736,0
1300,0
24725,0
27244,2
23866,3
27757,1
26681,3
26247,9
24751,0
25071,15
28071,9
26546,5
27356,0
24267,0
3140,0
1419,0
1424,0
2439,0
4277,0
2443,0
6508,0
6516,0
379,0
809,0
5973,0
8490,0
2813,0
6156,0
5638,0
5900,0
9883,0
10098,0
5569,0
7002,0
11063,0
27714,9
28084,1
24400,0
27540,1
24905,1
27818,2
24901,3
27539,4
27406,6
24489,6
25300,7
25261,0
9495,0
9501,0
20513,0
19026,0
17726,0
19327,0
20811,0
21240,0
20359,0
7550,0
2452,0
7496,0
11867,0
11667,0
20786,0
7137,0
21669,0
28229,0
17168,0
22023,0
22250,0
27642,0
11879,0
11892,0
19184,0
20682,0
12672,0
22262,0
20623,0
21138,0
13475,0
22418,0
13169,0
27861,0
20788,0
22386,0
13548,0
23923,0
26797,3
26799,9
25433,35
23990,0
24052,0
23805,8
26531,15
26405,3
25553,6
25952,0
24325,0
24323,2
24007,0
24369,53
28400,4
26410,7
23800,10
11356,0
20631,0
21063,0
22653,0
20831,0
20896,0
20436,0
11825,0
11618,0
22803,0
22819,0
20299,0
21263,0
21311,0
22142,0
21606,0
13123,0
11849,0
39,0
961,0
20331,0
22091,0
22827,0
11434,0
1453,0
7047,0
7161,0
10649,0
17899,0
18012,0
15949,0
10274,0
26455,0
24277,324
25005,11
24869,4
26576,0
26550,28
26218,8
26959,20
24165,0
24429,0
24397,2
17134,0
9462,0
16275,0
4763,0
2248,0
2227,0
4739,0
2415,0
5644,0
8156,0
9871,0
1244,0
1646,0
1303,0
5642,0
3569,0
5399,0
3608,0
1598,0
2103,0
3681,0
2102,0
6704,0
1344,0
3535,0
1387,0
3534,0
5759,0
1904,0
2866,0
5514,0
1759,0
5110,0
3010,0
1320,0
3718,0
1248,0
2070,0
6091,0
2565,0
21870,0
4548,0
1299,0
24724,6
26391,10
27779,2
27575,0
24750,16
26913,10
25484,0
25289,0
24266,0
24591,0
26326,18
23724,17
26052,2
28238,4
23767,0
23765,9
23884,37
4948,0
1427,0
1423,0
2440,0
2442,0
6509,0
810,0
8676,0
8609,0
8417,0
9348,0
8340,0
5972,0
17500,0
12981,0
10913,0
9935,0
19287,0
8491,0
5905,0
24022,0
23747,7
26482,8
27292,7
25398,7
25064,15
25400,0
25396,1
26164,7
24491,3
26857,1
25394,12
6024,0
10859,0
5491,0
9496,0
18377,0
20810,0
18180,0
21726,0
2453,0
1622,0
7495,0
22228,0
20349,0
17870,0
17869,0
17861,0
22608,0
11251,0
22570,0
20864,0
22082,0
20844,0
20127,0
20128,0
12674,0
2621,0
20674,0
20813,0
12327,0
24488,15
24363,0
25397,8
26079,6
27495,0
23851,8
23817,22
26379,6
24206,17
27221,29
24280,10
26154,8
26948,0
24054,0
26521,0
26936,0
28228,3
26206,3
26823,24
27641,2
23979,0
25922,11
25953,0
20990,0
16826,0
22331,0
22425,0
20671,0
22434,0
13378,0
14660,0
20787,0
20849,0
555,0
11358,0
22211,0
27806,0
21062,0
22718,0
22219,0
20435,0
20652,0
21834,0
22065,0
22366,0
15718,0
11617,0
1349,0
24368,8
25490,3
27860,0
24145,2
23960,6
24183,27
26956,17
25505,30
26454,711
24276,22
26523,4
25765,0
24494,0
26425,7
24028,3
27840,0
21596,0
18592,0
22235,0
22141,0
11848,0
960,0
1942,0
27889,0
27963,0
18916,0
18016,0
21670,0
23017,0
27853,0
11435,0
1452,0
17834,0
17338,0
17784,0
16582,0
16238,0
27917,0
7045,0
7163,0
19207,0
18011,0
15950,0
18973,0
306,0
18355,0
8386,0
4681,0
2246,0
2048,0
4542,0
1231,0
2228,0
4740,0
5646,0
27926,0
7234,0
10472,0
1245,0
1640,0
1645,0
1765,0
3939,0
25981,25
26389,13
28035,17
24781,14
26214,2
25246,8
23968,0
26519,0
24164,0
25089,271
26637,2
26850,48
2348,0
2449,0
1302,0
3570,0
8443,0
5387,0
28225,0
1597,0
3682,0
6703,0
1341,0
3536,0
1386,0
4322,0
5761,0
2867,0
3301,0
6252,0
1762,0
5513,0
5427,0
4478,0
4325,0
4317,0
7020,0
1319,0
3442,0
11755,0
2288,0
1247,0
1527,0
2566,0
21009,0
16478,0
4547,0
1738,0
2292,0
4935,0
3144,0
2441,0
2660,0
24590,1
23872,0
28356,6
26433,11
25878,3
23986,17
25497,36
24047,22
25404,0
26271,0
24021,11
6664,0
8445,0
6510,0
811,0
8610,0
8418,0
9342,0
6337,0
27718,0
12980,0
10911,0
9936,0
10910,0
8492,0
8497,0
9344,0
5904,0
26064,7
25399,4
24492,1
27000,33
24409,0
24914,3
25440,2
9986,0
9497,0
7126,0
19996,0
21727,0
7551,0
1621,0
7459,0
23604,0
7933,0
20564,0
8036,0
17862,0
22643,0
22650,0
11248,0
11250,0
22572,0
20596,0
22429,0
22136,0
21186,0
20676,0
12669,0
11400,0
21178,0
2620,0
22076,0
3267,0
22072,0
27004,7
26795,6
23651,13
26604,10
23940,303
26947,1
24053,0
26522,0
26520,1
26336,3
25552,54
23978,1
25481,4
20812,0
11253,0
12330,0
21143,0
16818,0
20641,0
20687,0
22536,0
21788,0
22537,0
13379,0
13376,0
20984,0
13537,0
556,0
742,0
11475,0
22406,0
11359,0
21887,0
21150,0
22719,0
22395,0
22220,0
21786,0
20246,0
24005,12
28322,27
27862,10
24645,27
24244,9
28174,85
26450,26
25194,0
26453,0
27805,4
20409,0
20484,0
21272,0
11823,0
21810,0
21583,0
22058,0
15698,0
21961,0
21026,0
21595,0
20717,0
11847,0
11436,0
11951,0
1743,0
15701,0
15719,0
12454,0
1947,0
109,0
696,0
3373,0
11908,0
28097,0
21805,0
18017,0
21434,0
21408,0
21069,0
21416,0
2673,0
1451,0
19901,0
19902,0
13252,0
19905,0
21414,0
19269,0
7044,0
11507,0
1962,0
1943,0
12201,0
20520,0
24493,3
25330,5
28145,24
27610,628
25105,0
27839,12
24768,13
26494,5
20519,0
17692,0
27843,0
17903,0
10665,0
8041,0
17756,0
356,0
8385,0
770,0
307,0
19722,0
17595,0
8388,0
21451,0
4680,0
4676,0
2046,0
4543,0
1232,0
5066,0
4745,0
5643,0
7233,0
7239,0
6979,0
1246,0
1641,0
1234,0
1443,0
1354,0
1767,0
3930,0
27966,0
2350,0
2448,0
1301,0
3970,0
1770,0
27653,0
8437,0
5386,0
1595,0
3683,0
6697,0
1340,0
3537,0
1385,0
4316,0
5762,0
5825,0
2877,0
3302,0
6253,0
1761,0
5512,0
6603,0
4472,0
18417,0
27477,1
24393,16
24084,12
26998,1
27925,13
24587,1
25293,14
25281,0
25327,27
3030,0
1263,0
3716,0
27740,0
2289,0
3100,0
2214,0
1528,0
1526,0
1796,0
18954,0
20298,0
21549,0
1739,0
2210,0
2084,0
3131,0
2291,0
4936,0
2856,0
2680,0
1421,0
2662,0
8438,0
6519,0
26282,6
25499,0
25579,35
25866,57
27168,11
25403,29
26270,8
27576,0
5701,0
7615,0
17608,0
807,0
8619,0
27762,0
8611,0
8422,0
8420,0
8342,0
5987,0
5986,0
17236,0
12979,0
9933,0
10899,0
8493,0
9346,0
5902,0
27928,0
24646,10
26716,1
27705,1
27717,0
26648,2
25341,1
25567,1
27720,1
24467,2
27543,1
5493,0
9985,0
10216,0
17092,0
18374,0
7274,0
1620,0
21193,0
17157,0
7926,0
11243,0
22160,0
17253,0
7934,0
20565,0
28101,0
16883,0
16796,0
11249,0
11535,0
21577,0
20597,0
21051,0
17225,0
196,0
22137,0
26167,2
24321,9
26745,0
23650,18
23773,15
26562,3
26666,11
25973,0
27218,15
23939,0
26571,0
26524,4
26935,2
26102,5
25947,5
25939,6
25829,201
25470,8
27348,3
26404,23
22124,0
12668,0
20884,0
2619,0
3265,0
20330,0
11260,0
21078,0
20222,0
20572,0
20640,0
22595,0
27647,0
13214,0
22519,0
20378,0
20847,0
13541,0
20279,0
20638,0
554,0
11473,0
22431,0
25921,8
23962,0
24424,58
26773,10
24414,4
25418,9
26660,13
25555,555
24308,19
24309,8
24311,7
25283,8
26034,7
25268,10
26408,186
25441,20
15953,0
11360,0
27848,0
21847,0
22391,0
20422,0
20307,0
22086,0
17174,0
16759,0
17307,0
18220,0
20893,0
21257,0
20243,0
12781,0
11502,0
8781,0
21929,0
20385,0
18967,0
20308,0
27804,0
20845,0
14422,0
11846,0
11950,0
1747,0
11262,0
1946,0
2696,0
114,0
694,0
6279,0
624,0
2358,0
684,0
11977,0
11443,0
23971,30
24420,8
25893,1
26527,12
24981,0
26009,13
25329,10
27857,2
27612,0
25104,0
25625,24
25388,21
26581,8
25275,5
23966,0
26517,4
26784,13
24342,0
28109,0
11213,0
19268,0
21804,0
17263,0
22302,0
27769,0
2671,0
28062,0
1450,0
13251,0
19912,0
16237,0
9745,0
9124,0
8721,0
488,0
272,0
11506,0
1939,0
17913,0
21488,0
358,0
21733,0
27783,0
10662,0
8043,0
360,0
8389,0
769,0
303,0
17420,0
17892,0
4679,0
4544,0
1233,0
5063,0
4744,0
7236,0
7183,0
7517,0
2641,0
4451,0
6980,0
6983,0
2209,0
1644,0
1441,0
1643,0
1768,0
3931,0
1350,0
27890,9
28096,0
27964,23
27482,1
25312,0
27066,4
2344,0
2447,0
5388,0
4575,0
3613,0
4532,0
1594,0
2933,0
3684,0
6698,0
1339,0
4905,0
1383,0
5763,0
3480,0
2878,0
3303,0
6255,0
1763,0
5511,0
4564,0
4471,0
7018,0
1316,0
1265,0
2290,0
1715,0
2891,0
2213,0
1529,0
1525,0
1523,0
20146,0
17336,0
17646,0
7011,0
21010,0
21550,0
2681,0
1693,0
3759,0
1740,0
2086,0
2858,0
2857,0
27965,4
27652,9
27315,8
26927,9
24879,8
23899,5
23905,0
23778,1
26160,0
24015,18
27739,0
25867,0
25461,5
25826,13
24416,8
26269,0
4940,0
2862,0
1266,0
2663,0
6241,0
5702,0
7617,0
17607,0
561,0
562,0
8620,0
5993,0
5989,0
9932,0
10900,0
10908,0
6635,0
5756,0
5520,0
9863,0
10214,0
2381,0
3910,0
9303,0
7511,0
7798,0
21086,0
7049,0
22602,0
26170,4
27798,0
27761,1
25977,1
25637,3
26093,3
24481,17
27538,0
28185,4
25531,1
27093,0
27797,2
27927,1
25720,3
27537,2
26744,0
24523,3
26016,9
7272,0
1611,0
7095,0
2429,0
22448,0
28382,0
7931,0
11238,0
22238,0
17323,0
16224,0
13958,0
22117,0
21845,0
19144,0
17141,0
20922,0
20856,0
11537,0
21934,0
22402,0
22116,0
17400,0
197,0
201,0
13303,0
12671,0
11659,0
15398,0
11819,0
20701,0
2623,0
22426,0
20329,0
20616,0
20294,0
21897,0
22633,0
13217,0
22518,0
20387,0
20430,0
21785,0
13538,0
27035,2
24547,20
23938,21
26570,6
25154,0
27788,21
26539,7
26767,0
28100,8
26776,0
20141,0
22419,0
553,0
11474,0
18946,0
11361,0
20398,0
14350,0
20933,0
20997,0
15944,0
28321,0
20691,0
20511,0
22605,0
22085,0
21932,0
6961,0
12488,0
26607,0
23834,26
26407,23
27366,0
23891,15
27847,4
26397,5
26512,8
26526,23
27615,6
7647,0
17175,0
19714,0
20393,0
20392,0
21348,0
18219,0
20894,0
12780,0
11500,0
8782,0
13814,0
13486,0
20588,0
20370,0
20880,0
20149,0
20718,0
20846,0
14418,0
11844,0
11949,0
1745,0
11263,0
19434,0
12934,0
1940,0
445,0
113,0
58,0
6276,0
6282,0
683,0
11978,0
11442,0
11909,0
11214,0
11215,0
19267,0
22829,0
24980,0
27844,4
26008,12
26528,16
25103,16
25992,7
25767,22
27803,3
23965,10
26584,71
24681,0
24343,0
24951,63
24341,118
24209,21
24443,7
27280,9
28108,0
28098,6
19916,0
17261,0
18859,0
18147,0
19147,0
13358,0
19142,0
21406,0
16245,0
19965,0
615,0
8357,0
8722,0
9126,0
9122,0
490,0
276,0
27777,0
15394,0
14279,0
14424,0
12156,0
12737,0
1277,0
16189,0
21889,0
21072,0
22741,0
10663,0
10966,0
8724,0
774,0
3356,0
304,0
4743,0
7186,0
7516,0
2640,0
4445,0
6981,0
2216,0
1771,0
3932,0
27662,0
3003,0
27768,5
24051,0
28061,0
24288,0
27027,5
27870,2
26884,0
23717,1
27249,1
4574,0
3487,0
5595,0
2713,0
1593,0
2932,0
3677,0
6702,0
1338,0
4904,0
6714,0
5764,0
3478,0
2880,0
2874,0
3307,0
6256,0
27995,0
5510,0
4563,0
4473,0
1315,0
1268,0
2081,0
1714,0
2890,0
1718,0
2212,0
1855,0
16388,0
1814,0
1692,0
4004,0
1741,0
2087,0
1862,0
3851,0
23721,14
24333,5
25065,8
24024,2
24070,11
23896,0
23904,145
25835,4
25882,4
25890,10
27741,0
25655,0
24654,96
26830,14
25827,20
4942,0
2861,0
5776,0
25066,0
26041,9
5703,0
7610,0
565,0
563,0
8622,0
17761,0
17764,0
5988,0
13290,0
9931,0
10907,0
5757,0
9864,0
3518,0
3348,0
12725,0
10212,0
2401,0
3911,0
6287,0
8750,0
7432,0
7156,0
7857,0
25812,5
27377,1
26172,11
26171,0
26996,2
24904,0
27092,0
25566,0
24470,1
26342,0
25721,10
24320,0
27828,2
23684,0
26743,6
7754,0
22601,0
21192,0
9899,0
7273,0
7566,0
1612,0
8581,0
8583,0
7098,0
2428,0
7696,0
7834,0
22449,0
7930,0
11239,0
21145,0
7097,0
13959,0
22180,0
21851,0
17641,0
20923,0
11534,0
20277,0
5834,0
22635,0
22495,0
22465,0
21118,0
21564,0
199,0
13458,0
11658,0
11818,0
20338,0
20740,0
20352,0
22504,0
20870,0
20347,0
20702,0
2624,0
22427,0
21806,0
20617,0
21747,0
11313,0
20966,0
24251,120
26701,9
23793,0
28381,0
24970,0
25153,0
13215,0
13374,0
22318,0
20709,0
20386,0
22390,0
11841,0
10568,0
22931,0
548,0
214,0
20977,0
11477,0
17582,0
24032,8
24845,13
24664,5
27970,9
24067,414
26606,2
24275,10
27367,0
24447,11
25528,15
22682,0
20397,0
14349,0
22725,0
20996,0
20500,0
21666,0
20664,0
21148,0
20690,0
20261,0
22130,0
21866,0
6962,0
7646,0
9002,0
7881,0
22029,0
20303,0
22589,0
20863,0
20394,0
20754,0
18143,0
20950,0
20568,0
21936,0
22400,0
12778,0
11499,0
8779,0
13822,0
20447,0
22512,0
21158,0
22200,0
20148,0
22796,0
21758,0
21906,0
23959,8
23776,18
28320,33
26007,12
27275,12
26232,33
24979,6
26805,8
23770,0
25366,11
24526,6
26418,6
20878,0
14419,0
11947,0
11264,0
374,0
9976,0
294,0
175,0
7,0
12935,0
441,0
111,0
60,0
13056,0
19638,0
17926,0
14577,0
11338,0
3145,0
6283,0
2175,0
2173,0
863,0
689,0
11985,0
11441,0
28127,0
21090,0
19951,0
20777,0
18146,0
21547,0
13357,0
17116,0
16240,0
6858,0
614,0
8356,0
17347,0
9127,0
492,0
274,0
26583,1
26374,0
27185,12
25445,13
24340,0
24186,7
23996,7
26390,5
24690,2
27068,5
27480,4
12740,0
12995,0
10150,0
11493,0
15395,0
14276,0
14425,0
12153,0
1274,0
18444,0
18007,0
27813,0
21343,0
22164,0
3362,0
4741,0
7083,0
7990,0
6997,0
7184,0
7519,0
8153,0
3969,0
2639,0
4444,0
7555,0
3933,0
6240,0
5773,0
9662,0
4580,0
3489,0
27932,0
19187,0
2715,0
1596,0
5894,0
3687,0
6701,0
1337,0
4903,0
6715,0
2873,0
26883,3
27316,1
27206,0
27084,0
26820,9
24786,44
27430,0
24717,7
24945,2
24946,13
27967,4
23936,150
24600,24
25597,30
27661,9
3314,0
6257,0
1753,0
5509,0
27886,0
2322,0
4562,0
1318,0
1270,0
2088,0
2090,0
2886,0
1531,0
20737,0
1854,0
6327,0
7012,0
6989,0
18874,0
1813,0
1815,0
1787,0
28125,0
27992,0
3752,0
4806,0
1742,0
1864,0
3850,0
4943,0
24019,0
23895,431
27994,0
25914,0
25297,10
24011,0
25492,20
25654,0
26831,0
25513,6
26042,1
5699,0
7612,0
6274,0
5990,0
13288,0
9929,0
17847,0
10906,0
5753,0
9866,0
3516,0
1776,0
12727,0
10213,0
2400,0
3912,0
9305,0
1286,0
3925,0
28298,0
6293,0
8751,0
6843,0
4668,0
8734,0
7028,0
7430,0
7158,0
8099,0
6965,0
6966,0
7276,0
8127,0
7568,0
1619,0
8582,0
12151,0
25807,10
27376,0
26444,0
23662,0
24476,11
27603,17
24915,3
24903,2
27841,0
24505,0
25605,7
27582,5
23683,10
26746,12
26968,4
25222,21
23943,14
23942,7
23792,0
7096,0
7695,0
7929,0
23275,0
23480,0
11498,0
28054,0
164,0
7836,0
7840,0
16422,0
21053,0
21844,0
16089,0
20611,0
22747,0
20874,0
22856,0
5835,0
27683,0
17791,0
20836,0
21798,0
11362,0
11817,0
20337,0
15958,0
20351,0
21761,0
20883,0
20348,0
22539,0
22565,0
20390,0
21807,0
1937,0
21912,0
22162,0
22591,0
22541,0
536,0
22317,0
20901,0
20708,0
24507,28
24026,58
28383,21
10567,0
19968,0
13227,0
22398,0
547,0
22131,0
213,0
21951,0
22600,0
22511,0
14344,0
25082,54
24509,25
24713,17
26986,0
25920,8
23973,6
26480,3
24953,13
23972,6
20968,0
21149,0
22979,0
22166,0
22295,0
21900,0
6958,0
7658,0
7880,0
20699,0
22634,0
22761,0
22693,0
22056,0
19752,0
20304,0
23030,0
20862,0
17188,0
21736,0
18141,0
20569,0
12779,0
11501,0
8780,0
13817,0
20316,0
22047,0
21874,0
22201,0
21989,0
26377,13
25235,24
24948,8
24103,0
9003,0
24500,0
26806,5
26423,8
26000,0
26001,2
24638,12
25783,2
25750,9
24029,11
23769,65
25098,22
28315,13
20455,0
21907,0
20961,0
20879,0
14348,0
21894,0
19810,0
1509,0
17821,0
10363,0
10207,0
11812,0
9972,0
297,0
176,0
457,0
17060,0
12936,0
13862,0
442,0
56,0
13058,0
16835,0
18300,0
18998,0
14576,0
11336,0
27728,0
3146,0
6281,0
2174,0
136,0
139,0
11900,0
686,0
11225,0
11440,0
20293,0
27913,0
28260,0
17342,0
21489,0
20776,0
22378,0
13010,0
13008,0
19895,0
19146,0
23768,34
25202,5
27585,689
24367,10
26373,0
24729,0
24940,13
27523,0
24444,0
26072,7
25108,6
27856,4
25344,2
27619,0
6857,0
17112,0
17940,0
1121,0
619,0
27901,0
12993,0
28350,0
28370,0
11495,0
18794,0
17838,0
15435,0
15396,0
14277,0
14618,0
14426,0
14548,0
12154,0
12158,0
28254,0
16464,0
6971,0
2217,0
5367,0
7084,0
8152,0
2638,0
4443,0
3934,0
17462,0
5449,0
2889,0
5775,0
4579,0
3485,0
27096,3
27354,6
26223,2
26432,3
27294,5
24745,5
24228,8
24714,10
26695,4
26598,14
23663,16
24435,591
5623,0
6699,0
1336,0
4902,0
4254,0
1710,0
3624,0
3959,0
2868,0
3315,0
5463,0
6130,0
6258,0
1764,0
1752,0
5507,0
28024,0
28240,0
3634,0
1812,0
3849,0
1271,0
2091,0
2885,0
1532,0
3914,0
1853,0
6328,0
4439,0
4436,0
6991,0
21484,0
1816,0
1788,0
1690,0
3747,0
1726,0
1873,0
1865,0
3848,0
24827,0
25838,5
23887,0
23726,0
27374,0
23894,6
27996,8
25915,0
27885,0
23759,6
25653,11
27231,7
24734,34
28124,12
27991,25
27184,8
4944,0
10582,0
443,0
26067,4
7616,0
10115,0
13294,0
5588,0
5952,0
17551,0
15993,0
13284,0
9930,0
10905,0
10576,0
9867,0
3515,0
1773,0
10218,0
2399,0
25808,2
25813,3
27369,0
23713,0
26443,0
23661,1
6275,0
25573,1
27536,3
27753,0
24913,3
24065,13
24336,2
24910,3
27695,1
3908,0
9308,0
1283,0
3929,0
3862,0
4586,0
3618,0
1781,0
3490,0
6289,0
8745,0
6842,0
4665,0
8736,0
7029,0
7027,0
7155,0
7081,0
18655,0
10882,0
7277,0
8126,0
7567,0
1618,0
9612,0
13743,0
28095,0
17310,0
7928,0
23487,0
19537,0
15929,0
12985,0
400,0
11497,0
163,0
17100,0
19546,0
28026,0
19805,0
21842,0
16090,0
21913,0
5941,0
22053,0
5523,0
27957,0
21942,0
22459,0
28297,0
23751,18
24573,10
24250,15
26950,0
25346,0
23791,16
27446,0
23705,0
26772,0
22835,0
20477,0
20480,0
18689,0
11816,0
21036,0
22795,0
21047,0
20899,0
20951,0
20952,0
21179,0
20747,0
20578,0
906,0
21079,0
20766,0
20808,0
22587,0
22598,0
16209,0
538,0
22428,0
20902,0
22663,0
21472,0
13226,0
27682,2
25465,4
23963,4
27422,8
24891,2
24871,10
25943,3
26399,3
25301,2
26485,5
26964,9
24422,3
27199,0
26280,15
26192,14
27001,8
25413,45
24355,5
24287,11
552,0
22132,0
212,0
187,0
20720,0
22492,0
14343,0
14491,0
22555,0
20598,0
22315,0
22470,0
21164,0
6959,0
7656,0
22335,0
22496,0
15956,0
21300,0
19637,0
19636,0
13816,0
23836,0
24461,6
26460,0
24450,16
26402,4
25193,12
25860,6
25012,11
25894,7
25819,19
27522,13
24102,3
24501,0
26381,0
24499,3
24483,0
24974,21
26241,0
26807,6
26422,10
21021,0
19555,0
16691,0
17187,0
20224,0
20669,0
8783,0
19424,0
20241,0
16689,0
20698,0
20962,0
14347,0
14684,0
11467,0
21751,0
20051,0
25999,4
26190,15
27012,6
27669,0
27324,8
24878,11
23748,50
26700,13
24408,10
28348,5
24095,23
26078,4
27584,7
27145,0
1506,0
970,0
23022,0
10211,0
10348,0
10401,0
9971,0
298,0
181,0
454,0
17059,0
12932,0
13863,0
57,0
28033,0
16061,0
17639,0
2178,0
135,0
138,0
682,0
11219,0
12353,0
22690,0
17343,0
17346,0
18805,0
18145,0
12720,0
21816,0
19461,0
28155,0
27867,0
16199,0
17819,0
6741,0
6736,0
17185,0
18717,0
27107,2
27146,4
26372,2
26873,0
27022,2
24920,14
25277,4
24195,22
26826,10
27301,7
617,0
18394,0
691,0
10149,0
21659,0
19160,0
18332,0
22364,0
19977,0
19970,0
16851,0
18882,0
1846,0
18115,0
17250,0
16121,0
16465,0
22705,0
16258,0
19348,0
4717,0
6973,0
5364,0
7085,0
3936,0
5453,0
4808,0
5684,0
3944,0
4945,0
4088,0
5624,0
5461,0
1334,0
4907,0
6128,0
1347,0
4255,0
1709,0
3623,0
3958,0
2870,0
3316,0
5467,0
26991,3
27900,1
26919,956
28349,0
28369,0
24617,0
25455,7
25458,2
25299,0
6426,0
6134,0
6193,0
6011,0
5806,0
6259,0
1749,0
1754,0
2323,0
3628,0
1818,0
3847,0
1273,0
1533,0
7536,0
4065,0
3913,0
1852,0
6324,0
4440,0
4435,0
16595,0
1810,0
2233,0
3653,0
2042,0
1860,0
10581,0
444,0
25854,238
27887,20
28023,15
28239,6
24659,4
25880,10
24375,11
24671,37
24735,8
27230,15
26173,12
26147,0
24661,12
26071,9
7609,0
8625,0
8524,0
155,0
9434,0
10117,0
13285,0
5475,0
5954,0
19641,0
19215,0
13286,0
9944,0
10904,0
9861,0
8739,0
1772,0
13835,0
2398,0
3907,0
9307,0
1282,0
3927,0
3866,0
4587,0
1778,0
6285,0
8746,0
6844,0
4666,0
4672,0
18786,0
27815,0
24478,175
23712,0
26442,7
25136,8
24472,45
25683,0
27016,3
27017,1
27535,33
27988,2
27704,4
26345,3
25267,1
25336,3
25722,1
28299,6
24399,8
25702,5
7150,0
7026,0
7154,0
28045,0
27846,0
17195,0
10883,0
27984,0
7278,0
9505,0
7344,0
18436,0
8170,0
1616,0
9613,0
9611,0
13742,0
7927,0
16869,0
20187,0
402,0
28280,0
12076,0
166,0
17735,0
18039,0
17045,0
7653,0
12777,0
7839,0
28203,0
22206,0
21001,0
16054,0
20268,0
20259,0
21176,0
22882,0
22014,0
21939,0
21584,0
26183,9
24187,0
24562,3
24585,5
25659,0
26951,0
27572,0
26949,51
25347,0
25345,0
27445,0
21855,0
5524,0
20367,0
21709,0
22388,0
21826,0
431,0
22813,0
28288,0
22403,0
21791,0
20602,0
11815,0
15959,0
20900,0
20644,0
16011,0
20868,0
20915,0
22597,0
22701,0
28355,0
908,0
22361,0
20907,0
22583,0
20958,0
22041,0
21049,0
21910,0
13225,0
11814,0
26018,8
25873,18
27956,4
24473,14
28197,23
26355,13
26085,13
26287,5
24527,13
26127,6
28150,7
24852,5
25263,2
27384,0
24304,25
24419,3
27444,24
26258,17
25935,9
26255,7
25912,21
26490,14
816,0
551,0
211,0
189,0
188,0
21057,0
22491,0
14489,0
22415,0
17873,0
22163,0
28367,0
22982,0
21163,0
11540,0
7655,0
20911,0
21112,0
21106,0
25541,0
23835,2
24194,23
27719,7
27489,0
24438,20
26481,10
25309,17
24076,1
25604,0
24498,288
15961,0
22439,0
20739,0
20683,0
20716,0
7481,0
22497,0
22474,0
20465,0
15955,0
16316,0
18949,0
22513,0
21028,0
19094,0
22846,0
22528,0
8784,0
21771,0
21875,0
15937,0
21707,0
16868,0
26382,0
24036,0
24515,0
24484,0
24455,0
24482,2
24986,8
26242,3
25778,5
24874,5
24875,4
26529,11
27671,22
28352,15
23649,77
20518,0
22408,0
21110,0
14345,0
14686,0
12223,0
19685,0
2823,0
971,0
977,0
9984,0
10347,0
20829,0
16459,0
16643,0
11555,0
10345,0
299,0
524,0
450,0
721,0
13879,0
4298,0
61,0
16060,0
14573,0
15063,0
14319,0
506,0
3205,0
6462,0
2181,0
12351,0
681,0
11220,0
14325,0
28047,0
18550,0
19963,0
21440,0
12717,0
25969,16
27143,6
27130,0
26871,2
26872,2
25443,19
25442,12
25444,3
28032,0
25537,10
24207,6
24475,9
25338,12
27787,1
25572,2
25343,12
25168,1
16522,0
6735,0
20726,0
17762,0
690,0
10588,0
10081,0
1845,0
10826,0
19479,0
22309,0
22981,0
22714,0
19506,0
16342,0
22037,0
18959,0
21399,0
19986,0
17466,0
17395,0
16435,0
22919,0
19975,0
16257,0
19349,0
17484,0
27876,0
6974,0
4441,0
4442,0
5452,0
5454,0
5683,0
3946,0
3749,0
4090,0
5625,0
6540,0
6004,0
5460,0
5886,0
6708,0
28154,31
27866,34
26694,22
26876,7
26945,0
27554,151
25468,5
25365,89
27827,3
26334,8
27586,1
1333,0
6126,0
1348,0
1708,0
3622,0
3957,0
3317,0
5468,0
6135,0
6012,0
5804,0
1750,0
1755,0
3836,0
4040,0
3630,0
6496,0
1534,0
7534,0
1872,0
4066,0
1851,0
6325,0
4434,0
3983,0
10506,0
21482,0
22197,0
2043,0
1859,0
23897,0
23875,7
26245,33
25839,0
24760,6
25542,547
25853,6
25916,88
24261,3
26146,38
24272,8
26733,5
24672,0
26911,18
24694,11
24178,21
24012,1
25459,4
27831,7
7607,0
28067,0
229,0
6179,0
15099,0
14947,0
17943,0
647,0
8626,0
156,0
10118,0
5474,0
5809,0
18010,0
9940,0
10901,0
10201,0
9862,0
3522,0
8740,0
64,0
10523,0
26459,0
24477,4
27470,0
24670,8
27431,0
28017,0
24922,1
25688,2
27731,3
27548,9
25684,1
27370,12
27547,5
26655,2
27532,0
24911,3
2397,0
3909,0
1288,0
3865,0
4588,0
1779,0
3805,0
6286,0
8749,0
6840,0
9240,0
4671,0
7245,0
7943,0
17194,0
7604,0
7279,0
9506,0
9513,0
9511,0
7326,0
8888,0
4725,0
8402,0
9201,0
8350,0
7346,0
21722,0
8171,0
2426,0
9614,0
17659,0
13575,0
403,0
12075,0
165,0
17046,0
7652,0
13597,0
28184,0
17172,0
21979,0
21000,0
20570,0
23526,0
23546,0
25265,0
23681,0
25865,5
24057,14
24882,3
28044,6
27845,21
27983,13
21256,0
21177,0
6322,0
6315,0
20877,0
21712,0
21022,0
16879,0
22109,0
20478,0
21792,0
22453,0
22106,0
20377,0
22793,0
22888,0
22593,0
17591,0
20115,0
17417,0
20756,0
21083,0
22338,0
20693,0
27676,0
21048,0
22607,0
858,0
8515,0
17286,0
13224,0
26479,6
26565,4
25895,1
25897,13
5593,0
25874,32
27350,8
25908,15
24182,14
23934,21
25331,26
27515,4
28287,1
27869,14
25917,15
24460,5
27355,6
815,0
28373,0
17204,0
18926,0
20340,0
22927,0
20273,0
550,0
386,0
210,0
666,0
193,0
18765,0
21779,0
20599,0
21948,0
21692,0
22667,0
20890,0
21165,0
7980,0
7645,0
7650,0
25540,8
27617,6
25255,6
23656,14
24271,4
26075,14
24413,7
25084,11
27458,9
27210,4
24954,4
28366,5
25371,0
24092,0
20625,0
20594,0
9269,0
22320,0
20215,0
21184,0
11274,0
12496,0
22508,0
20929,0
18725,0
21755,0
22784,0
18951,0
16315,0
17561,0
20963,0
20943,0
28227,0
24857,4
26688,19
24516,0
24035,16
13410,0
24514,17
24513,145
26096,14
24456,0
24454,5
25370,0
28088,20
24985,5
24858,1
25747,8
25114,10
24967,0
22393,0
8785,0
20240,0
22123,0
18730,0
19339,0
20361,0
21111,0
14687,0
15030,0
12221,0
19860,0
2820,0
1505,0
180,0
9978,0
9983,0
10350,0
10399,0
22778,0
16645,0
16644,0
11559,0
9974,0
10346,0
300,0
528,0
127,0
4297,0
237,0
19573,0
15064,0
24188,43
26094,0
25950,12
26985,7
28210,67
27088,9
25129,0
24917,10
24844,25
24842,9
27114,3
23711,64
28140,0
28034,1
24997,4
25252,0
597,0
508,0
3207,0
3367,0
353,0
688,0
11222,0
14328,0
17344,0
17345,0
19948,0
12960,0
12716,0
20919,0
16523,0
6855,0
6737,0
20727,0
27911,0
21562,0
10589,0
10082,0
10590,0
12529,0
28345,0
11169,0
11551,0
10480,0
12245,0
18817,0
19314,0
27939,0
18640,0
27722,0
14748,0
13205,0
27771,0
21294,0
19330,0
21694,0
14214,0
14844,0
14432,0
16491,0
19536,0
16314,0
21398,0
21534,0
22088,0
27633,0
20681,0
16578,0
19295,0
19736,0
3859,0
6975,0
4446,0
5450,0
5446,0
3750,0
4011,0
5621,0
4086,0
4087,0
3755,0
5622,0
6541,0
6013,0
5885,0
6133,0
6127,0
1335,0
3956,0
1712,0
1706,0
3632,0
3621,0
3955,0
3318,0
6432,0
6132,0
5803,0
4106,0
1756,0
3838,0
4039,0
4045,0
2329,0
4356,0
4402,0
3629,0
6498,0
1535,0
1371,0
28234,0
4352,0
1850,0
6329,0
4456,0
3982,0
2617,0
27737,0
3705,0
3542,0
2044,0
23994,17
23993,9
27875,13
23992,9
26680,0
25942,0
26319,22
24175,17
25864,12
25869,5
27229,21
28384,7
24013,0
1986,0
27160,4
25687,3
7683,0
28009,0
6183,0
6682,0
14949,0
17982,0
646,0
5473,0
9941,0
9939,0
9869,0
8741,0
63,0
10522,0
28066,0
24892,6
25282,4
23837,0
25142,4
27176,6
24200,0
25090,6
25186,9
28151,5
24955,0
25401,2
27799,1
25686,2
25568,3
27549,134
25523,4
24364,0
27534,0
27533,0
27699,0
27696,1
24628,2
2396,0
1289,0
3864,0
4594,0
1780,0
3806,0
28112,0
27981,0
8714,0
27976,0
4670,0
7247,0
7053,0
7601,0
7605,0
7603,0
9514,0
9510,0
7330,0
7321,0
8887,0
7328,0
4724,0
8400,0
8353,0
8767,0
9200,0
8351,0
20252,0
7323,0
8058,0
25264,15
23682,0
23686,0
23728,0
23680,15
27255,484
24150,8
25744,0
26748,4
26747,11
24883,0
27390,135
25276,25
28317,61
26663,0
9616,0
18570,0
404,0
12074,0
169,0
7625,0
17048,0
19559,0
13607,0
21486,0
20489,0
11183,0
22617,0
6314,0
16395,0
5545,0
5555,0
5498,0
20770,0
22744,0
21601,0
20376,0
20345,0
22306,0
19145,0
21071,0
17577,0
20566,0
20567,0
20757,0
22112,0
20971,0
21066,0
21995,0
20988,0
5556,0
22581,0
23941,11
26790,14
28281,4
25144,13
26788,0
28183,14
28257,19
26585,46
25949,9
27510,5
25903,11
26017,22
25415,1
25899,11
25900,29
851,0
10675,0
28393,0
17285,0
13040,0
819,0
5672,0
21974,0
5531,0
20342,0
22441,0
20994,0
20339,0
22934,0
20272,0
388,0
963,0
665,0
192,0
465,0
20610,0
21025,0
21166,0
7981,0
11227,0
7644,0
28372,0
24873,20
25097,18
24181,14
23658,0
24265,20
25273,10
25236,20
25979,4
26403,12
24075,8
12402,0
25548,0
24091,0
24984,20
13176,0
13338,0
22018,0
22036,0
16840,0
8083,0
14172,0
14518,0
13658,0
7367,0
8203,0
20501,0
22289,0
20216,0
22015,0
21183,0
11316,0
11281,0
20336,0
20549,0
21131,0
22102,0
22596,0
22588,0
27873,0
12497,0
12498,0
20522,0
21038,0
20419,0
20743,0
20402,0
21258,0
22802,0
21895,0
9271,0
25647,0
12518,0
24512,43
26119,14
24172,0
26420,6
24978,8
25777,7
24485,0
25543,9
25274,8
25996,1
25998,3
28226,12
25113,11
20008,0
8708,0
18486,0
19962,0
20362,0
22729,0
12292,0
17249,0
19987,0
177,0
9979,0
10349,0
10400,0
21060,0
17047,0
11560,0
340,0
10069,0
10427,0
19903,0
12946,0
9947,0
24008,6
24119,2
24143,0
27353,17
26812,8
26445,16
26447,40
26690,6
10339,0
13049,0
128,0
133,0
130,0
18784,0
4295,0
3371,0
11770,0
15066,0
14317,0
350,0
347,0
3366,0
7692,0
352,0
14327,0
14329,0
28001,0
19950,0
12959,0
12961,0
27894,0
12719,0
6861,0
6738,0
22344,0
16243,0
18062,0
16613,0
21393,0
22298,0
10586,0
12528,0
28078,0
11173,0
11170,0
11792,0
10482,0
11692,0
11552,0
10479,0
1500,0
22276,0
23031,0
27024,4
27081,16
26970,15
27115,3
23710,4
28142,4
26827,1
18639,0
22279,0
13201,0
27744,0
28107,0
16708,0
19394,0
13204,0
14845,0
14428,0
16313,0
21074,0
21886,0
16577,0
16029,0
6970,0
4447,0
5451,0
5447,0
4010,0
4091,0
3952,0
3625,0
3954,0
6431,0
1757,0
4038,0
4042,0
2328,0
4354,0
4401,0
3626,0
6499,0
6500,0
1522,0
7347,0
1370,0
2111,0
4067,0
4353,0
1849,0
6331,0
4455,0
2610,0
2618,0
2616,0
27938,2
27721,0
27770,6
24763,11
17574,0
3708,0
27655,0
2034,0
7690,0
25779,7
24581,14
28216,11
25138,0
1090,0
15978,0
6184,0
6182,0
6684,0
19063,0
14951,0
28008,0
28068,3
24952,8
27284,2
24432,62
27272,6
26080,1
27423,9
8987,0
11740,0
6799,0
10200,0
3520,0
69,0
10521,0
2395,0
10146,0
9968,0
1290,0
2383,0
1407,0
1895,0
27837,0
5235,0
3727,0
2798,0
3524,0
1920,0
3863,0
4589,0
27673,0
3814,0
8712,0
8719,0
8713,0
16062,0
9247,0
7248,0
7757,0
7602,0
7783,0
7009,0
24592,0
23906,7
23660,14
24077,4
25962,3
25968,4
27285,7
27286,1
27323,1
25733,22
26574,146
26567,14
23729,0
23685,4
23727,11
27256,0
25815,0
28111,0
27980,0
25743,6
27975,15
24673,18
19580,0
19581,0
18844,0
7763,0
9508,0
27906,0
28200,0
27883,0
7322,0
8892,0
4734,0
8398,0
8410,0
8355,0
8768,0
8794,0
9195,0
18359,0
7325,0
8056,0
8061,0
7918,0
9716,0
8647,0
9615,0
10226,0
7651,0
7649,0
16146,0
405,0
168,0
7630,0
17049,0
408,0
18463,0
16489,0
20490,0
20254,0
11184,0
6318,0
16410,0
5546,0
5550,0
5548,0
5497,0
20771,0
21794,0
21795,0
22720,0
20445,0
22305,0
20428,0
26750,2
27343,6
26662,7
24992,14
27417,0
25149,15
28276,9
26014,5
25905,29
25556,8
27196,4
26786,1
25959,3
25957,5
24161,12
20888,0
22638,0
20703,0
20768,0
21020,0
855,0
856,0
17150,0
13039,0
818,0
20341,0
18448,0
17203,0
15932,0
20648,0
869,0
11368,0
389,0
964,0
664,0
20635,0
24689,6
21641,0
25913,8
24365,11
28401,4
24366,10
27198,9
27082,2
28392,6
24919,12
26765,1
28374,3
26062,6
25902,8
25904,19
26940,28
24177,0
24772,27
23657,0
25272,12
24154,0
22004,0
7982,0
11424,0
11226,0
13178,0
22019,0
19128,0
22247,0
8082,0
28103,0
14173,0
14517,0
14519,0
11640,0
12915,0
8202,0
173,0
17053,0
14484,0
21893,0
20502,0
22104,0
22002,0
11317,0
11279,0
20527,0
20550,0
21748,0
22410,0
22203,0
20531,0
12111,0
12491,0
21029,0
17380,0
18289,0
16407,0
13632,0
17316,0
20632,0
20859,0
21013,0
22545,0
21926,0
22099,0
24412,7
28325,16
26043,0
25547,3
24090,44
13339,0
26789,16
13659,0
27398,0
11715,0
25646,0
20592,0
22314,0
9326,0
17414,0
8707,0
28242,0
20280,0
20517,0
20131,0
12220,0
16068,0
20084,0
24142,42
23731,9
26845,3
2821,0
9981,0
10403,0
21061,0
19525,0
342,0
10070,0
10428,0
17104,0
12943,0
9945,0
10296,0
301,0
20621,0
28162,0
19213,0
3368,0
15068,0
14315,0
349,0
348,0
3369,0
351,0
14331,0
28121,0
27639,0
17807,0
26930,8
26955,43
26742,14
26736,125
26448,3
23694,0
26691,4
24929,0
24936,4
24937,6
24843,15
27237,13
25140,3
26542,3
25139,10
26230,10
27709,0
25253,0
19953,0
12958,0
6454,0
6452,0
8454,0
6739,0
21426,0
22300,0
18061,0
21446,0
21614,0
11445,0
28273,0
10824,0
10585,0
12165,0
11793,0
10478,0
11689,0
18058,0
21545,0
21678,0
17115,0
11557,0
10792,0
21433,0
1499,0
18531,0
20956,0
22009,0
20613,0
21654,0
20729,0
13200,0
21058,0
19393,0
13203,0
16340,0
14209,0
14848,0
14429,0
18814,0
16203,0
19979,0
21424,0
19072,0
16028,0
6969,0
4448,0
4092,0
4001,0
3951,0
24851,23
27893,2
5194,0
6430,0
4137,0
4047,0
1485,0
1474,0
4044,0
2320,0
4355,0
4400,0
6501,0
2063,0
1521,0
7355,0
1369,0
4061,0
28215,0
4359,0
1848,0
17572,0
4454,0
2611,0
2614,0
2612,0
16051,0
3707,0
27923,0
2033,0
23981,2
23985,0
25859,92
25889,5
24018,0
25868,7
23672,4
25715,13
24746,5
27654,5
11771,0
27380,0
27800,1
6181,0
6686,0
12310,0
18456,0
648,0
8986,0
159,0
11743,0
5538,0
67,0
10854,0
2386,0
10145,0
16559,0
18573,0
18867,0
20412,0
1291,0
2384,0
1408,0
1225,0
1223,0
1894,0
3922,0
4721,0
22397,0
28010,3
24742,10
25197,5
27881,13
24074,8
27404,2
25963,2
26568,2
3725,0
2802,0
4551,0
4069,0
4757,0
2010,0
3526,0
1911,0
17211,0
4590,0
3815,0
8715,0
8790,0
9360,0
9238,0
8717,0
6845,0
9440,0
16389,0
7249,0
7721,0
16109,0
7008,0
18405,0
7764,0
28331,0
7327,0
9337,0
8891,0
4735,0
8397,0
8409,0
8797,0
9196,0
18069,0
21505,0
8048,0
8060,0
8407,0
7287,0
9617,0
10227,0
16147,0
23300,0
24134,9
27836,0
23666,0
23678,101
24263,17
24286,6
27672,10
25814,4
28113,3
27982,11
26749,92
27342,8
27905,0
28199,0
27882,0
25848,22
406,0
7628,0
407,0
409,0
18462,0
16205,0
16409,0
5549,0
5935,0
5551,0
21796,0
20535,0
9302,0
20446,0
15053,0
14341,0
14367,0
21085,0
22628,0
20704,0
853,0
27880,0
13041,0
814,0
21812,0
22148,0
20927,0
26739,0
26697,9
26754,8
28277,15
26463,6
26439,12
25100,13
27375,13
24570,0
25832,8
25363,0
24993,6
26074,29
25909,15
25918,6
26126,8
24520,2
27904,2
26413,16
26353,5
872,0
699,0
11838,0
18830,0
20752,0
7983,0
11425,0
11572,0
11228,0
20774,0
20334,0
13180,0
18460,0
21860,0
16724,0
14932,0
17230,0
16512,0
21231,0
172,0
14481,0
22195,0
19110,0
16723,0
28171,0
22358,0
11319,0
18900,0
20794,0
20136,0
20526,0
22384,0
22202,0
20532,0
12492,0
27668,0
20744,0
19515,0
24679,15
24765,3
23932,0
25601,20
26275,5
24307,11
23843,0
25978,15
16617,0
21004,0
22430,0
21589,0
21014,0
21494,0
25732,507
27247,0
25454,1
25696,6
25994,8
17893,0
9327,0
21477,0
16206,0
18496,0
8705,0
8710,0
18227,0
16069,0
18869,0
19655,0
18427,0
17524,0
15990,0
18837,0
19053,0
18019,0
11553,0
10707,0
12945,0
295,0
20903,0
13132,0
13133,0
4075,0
18565,0
24704,8
27754,6
24529,7
28241,17
26108,11
27002,5
27599,69
26846,0
26449,7
26596,7
26963,0
26847,0
26689,8
28378,5
26446,7
23693,2
24921,10
26457,15
27026,4
27110,11
26922,3
27025,4
27023,8
24931,56
15983,0
28070,0
14117,0
28396,0
28377,0
14322,0
17668,0
17806,0
17942,0
14543,0
10423,0
18148,0
8453,0
21840,0
17827,0
21625,0
18420,0
22700,0
19125,0
2133,0
17314,0
11350,0
10871,0
10825,0
10591,0
10783,0
19272,0
18892,0
18976,0
21457,0
10788,0
28244,0
11422,0
21686,0
4098,0
5245,0
19171,0
28161,8
24900,9
26713,0
1504,0
20957,0
22261,0
20612,0
21956,0
27830,0
20830,0
20728,0
13202,0
22684,0
17301,0
14431,0
27897,0
21626,0
28252,0
19931,0
16440,0
21643,0
4449,0
4002,0
4018,0
5193,0
6429,0
4138,0
4377,0
4048,0
1475,0
4460,0
4399,0
4380,0
3822,0
2326,0
4358,0
5610,0
4190,0
5687,0
5980,0
8961,0
1536,0
7350,0
1368,0
4364,0
27944,0
1858,0
27752,0
1675,0
4661,0
1365,0
5008,0
27069,4
26560,6
25648,10
27336,16
2045,0
27922,10
12315,0
428,0
19062,0
18458,0
11804,0
651,0
10520,0
25558,2
26060,3
27251,3
23774,7
27424,1
24312,6
23893,16
25574,2
26997,0
25691,1
27476,7
26971,3
26979,2
2385,0
10144,0
16560,0
20225,0
14924,0
1292,0
2387,0
1226,0
1222,0
1896,0
3923,0
3426,0
1910,0
3898,0
3700,0
4071,0
3693,0
4760,0
2015,0
3527,0
10828,0
1915,0
4584,0
28285,0
3816,0
22371,0
20375,0
8716,0
8793,0
8788,0
9359,0
6838,0
7722,0
7762,0
7672,0
4727,0
18503,0
8769,0
8798,0
8801,0
9194,0
18070,0
25736,8
24141,0
23679,0
27838,14
23665,89
23988,0
24564,0
25710,13
24623,11
24812,11
28186,24
26394,54
26182,7
24431,10
27907,2
28201,13
28330,0
17329,0
8049,0
8053,0
8558,0
9098,0
7286,0
9618,0
17454,0
23301,0
1059,0
8055,0
7627,0
397,0
19534,0
22217,0
20805,0
16156,0
22476,0
8463,0
14340,0
14761,0
14370,0
16129,0
8460,0
22456,0
21080,0
435,0
13342,0
13046,0
13038,0
22775,0
871,0
28194,0
7859,0
24192,16
27345,10
27443,0
27214,471
26738,0
26781,2
28278,9
24569,24
26281,19
26409,14
27021,6
26706,3
25205,3
25872,42
25906,0
25911,5
24418,10
21704,0
26257,9
25700,7
26887,18
11461,0
7861,0
7984,0
11320,0
28168,0
20852,0
20649,0
21244,0
20753,0
21899,0
11431,0
11573,0
11229,0
20488,0
20775,0
20245,0
20333,0
13179,0
20661,0
18459,0
27629,0
14933,0
15151,0
7749,0
1058,0
280,0
20025,0
17231,0
17592,0
14482,0
15131,0
20818,0
21984,0
22187,0
20795,0
20135,0
21181,0
21238,0
21309,0
20677,0
22556,0
16148,0
21918,0
21890,0
22626,0
18334,0
21938,0
21966,0
20400,0
23844,0
28275,9
26428,3
24496,25
12093,0
26558,1
25377,15
26359,11
12729,0
19711,0
21005,0
21003,0
21588,0
22566,0
20327,0
20255,0
25993,0
27248,0
25975,5
16207,0
16004,0
21093,0
21832,0
28181,0
16733,0
19038,0
19813,0
19765,0
19983,0
11347,0
17525,0
21455,0
21835,0
17736,0
8447,0
19222,0
17277,0
10706,0
10424,0
10422,0
20749,0
4073,0
27979,0
14312,0
2126,0
14323,0
17453,0
25730,3
24769,15
25061,0
25657,26
26169,53
26537,14
26995,0
26982,6
26417,12
27254,25
26461,7
26452,1
27052,0
26260,12
27461,6
25230,6
27484,8
25155,6
26376,2
28069,3
25575,5
28395,6
28376,4
25216,7
28031,0
28019,0
28138,0
17767,0
17941,0
14544,0
28398,0
19822,0
6208,0
9084,0
8448,0
21442,0
21420,0
21611,0
22676,0
19124,0
16181,0
1903,0
11351,0
14273,0
17042,0
17799,0
19047,0
21315,0
11419,0
4097,0
4153,0
16841,0
1502,0
20731,0
21418,0
22263,0
17088,0
27730,0
10060,0
21402,0
19973,0
16433,0
17864,0
5192,0
6428,0
6576,0
4139,0
1476,0
4457,0
3824,0
4187,0
6795,0
3884,0
5559,0
6494,0
2327,0
4370,0
5985,0
3905,0
2537,0
4825,0
1537,0
3450,0
5088,0
1366,0
4368,0
1677,0
4662,0
27094,0
28251,60
25590,17
23902,4
25888,21
27019,21
25929,10
23674,0
27943,11
23750,0
27751,12
25314,31
25714,6
25233,0
427,0
10293,0
21318,0
11803,0
707,0
161,0
11809,0
10519,0
27250,0
27283,4
23780,0
25689,1
2394,0
20985,0
17167,0
1293,0
2388,0
1228,0
1898,0
1601,0
2532,0
3642,0
5227,0
3162,0
17300,0
3698,0
4070,0
3694,0
3704,0
2014,0
3528,0
10830,0
1916,0
1685,0
4583,0
3817,0
16101,0
20433,0
27974,0
9436,0
12789,0
9357,0
9358,0
27746,0
17553,0
7671,0
7673,0
25734,17
26566,9
26349,8
26561,8
24140,4
23687,20
25025,3
25373,100
24563,62
24033,7
25448,8
27265,49
24685,1
23688,5
28213,4
28284,16
27914,5
27738,11
26393,108
28222,33
23794,8
4728,0
27960,0
8799,0
8800,0
19129,0
20574,0
8050,0
8052,0
9648,0
8559,0
9099,0
7593,0
7285,0
1057,0
13065,0
608,0
259,0
398,0
23159,0
20803,0
21168,0
21877,0
20821,0
22532,0
5738,0
20606,0
8458,0
21780,0
16128,0
21651,0
22713,0
21931,0
8505,0
17737,0
434,0
13045,0
13037,0
22630,0
24693,21
25852,34
27246,13
25738,6
26451,6
27490,12
26726,0
26737,12
26967,931
24991,9
26478,0
25907,14
27993,2
24332,5
24598,8
25955,3
25015,8
24131,9
26091,11
28119,0
18093,0
874,0
11321,0
989,0
22218,0
22482,0
22825,0
21245,0
17621,0
11432,0
11574,0
11231,0
21784,0
20525,0
20229,0
15181,0
13181,0
21142,0
21541,0
17599,0
7750,0
262,0
22564,0
28338,0
28022,0
18396,0
17885,0
18652,0
16703,0
20266,0
20263,0
21901,0
20463,0
47,0
21985,0
16045,0
18408,0
19169,0
20799,0
18508,0
21945,0
20678,0
18687,0
16149,0
22540,0
20328,0
18617,0
28076,0
28193,0
28333,22
28294,14
28167,7
26419,11
26493,9
26506,32
24834,303
24089,8
22645,0
16619,0
21141,0
22494,0
15514,0
20667,0
20256,0
25823,0
24695,7
25589,2
26268,6
26012,10
26511,13
25305,41
25621,13
25802,4
25408,6
1014,0
23037,0
21091,0
20399,0
19656,0
11348,0
16501,0
21965,0
13623,0
433,0
17513,0
19851,0
16480,0
4249,0
28007,0
14313,0
2123,0
25745,11
25060,9
23730,25
24675,6
26121,106
28180,12
27694,4
23697,30
24682,0
25466,5
26994,1
27503,9
26114,5
24004,5
25157,2
25159,2
25187,11
27978,7
27511,0
27338,3
25156,3
17140,0
17701,0
9083,0
21464,0
27766,0
22811,0
18362,0
1902,0
14274,0
13558,0
13573,0
19151,0
17830,0
21403,0
22688,0
13648,0
12663,0
28074,0
22901,0
12017,0
11420,0
12015,0
4155,0
28144,0
4152,0
22267,0
20730,0
22266,0
22264,0
20761,0
20954,0
10053,0
10768,0
19416,0
27764,0
20834,0
8464,0
7636,0
4140,0
24586,10
24174,7
28030,1
27613,8
28018,5
28137,5
26438,49
1477,0
4458,0
3825,0
3887,0
4369,0
5983,0
2031,0
2494,0
3904,0
2536,0
2528,0
1538,0
5092,0
3149,0
1539,0
5007,0
1676,0
2937,0
25961,19
27083,0
24146,13
25932,9
25856,27
25940,38
23740,0
25855,41
23676,70
10291,0
19661,0
11802,0
720,0
715,0
11736,0
2393,0
22051,0
17563,0
14717,0
1280,0
2389,0
4645,0
1897,0
3673,0
5250,0
3763,0
17507,0
1602,0
24898,13
27157,2
27281,6
27282,0
27273,0
27300,1
27713,1
23989,0
24285,70
24284,0
25026,0
2531,0
3641,0
3161,0
3767,0
3469,0
3689,0
10831,0
3891,0
1682,0
4591,0
9433,0
16100,0
9544,0
9441,0
21555,0
9362,0
8872,0
8866,0
9021,0
18607,0
7670,0
7667,0
7177,0
9005,0
8651,0
8821,0
17724,0
18324,0
27969,0
9318,0
18611,0
15163,0
8051,0
8561,0
8562,0
17649,0
7594,0
7579,0
7290,0
24440,6
25626,1
25870,3
26289,2
24210,0
23689,9
24521,9
24537,5
24289,2
25629,6
27973,2
25594,0
27328,22
27745,30
26594,109
27959,7
25660,22
26120,7
607,0
261,0
396,0
580,0
1179,0
21169,0
20214,0
6347,0
20605,0
20941,0
17656,0
18074,0
8507,0
8506,0
13188,0
13186,0
13624,0
22329,0
873,0
987,0
22516,0
20712,0
22461,0
21749,0
17394,0
18554,0
20824,0
11571,0
11235,0
26731,0
26725,2
26842,6
24612,199
27457,0
27213,0
26966,21
26611,19
25213,10
25214,15
25207,36
24121,10
25417,3
26063,1
26400,2
25013,3
26004,7
27061,1
24104,9
20524,0
21152,0
17890,0
15183,0
22493,0
18846,0
15522,0
20283,0
18358,0
28086,0
21514,0
18691,0
21738,0
1007,0
49,0
321,0
19138,0
22173,0
20295,0
18524,0
21154,0
16070,0
21034,0
21355,0
21882,0
20666,0
22579,0
21908,0
17251,0
21144,0
22354,0
22549,0
21903,0
21902,0
21904,0
24189,7
15182,0
13182,0
24983,24
26465,55
25729,500
24888,57
28337,6
28021,0
23652,5
1015,0
20289,0
20982,0
22078,0
16213,0
21740,0
20459,0
25708,18
25124,41
24624,3
16277,0
19104,0
11685,0
19865,0
19881,0
20105,0
19938,0
20759,0
27748,0
18596,0
22169,0
1901,0
13557,0
13571,0
16843,0
21657,0
19153,0
19910,0
22736,0
21409,0
13646,0
12661,0
11889,0
4846,0
4350,0
22270,0
22269,0
27134,15
27043,11
26981,5
26851,13
27441,8
23760,5
26229,11
25328,4
26314,9
25539,9
28006,2
21526,0
10054,0
10062,0
19926,0
20470,0
20471,0
8470,0
7635,0
2938,0
2939,0
2420,0
23077,0
23539,0
23540,0
7976,0
4463,0
28308,0
17580,0
3886,0
2496,0
3903,0
2527,0
3166,0
26056,10
27070,3
27072,1
27071,3
27530,0
24950,5
25376,0
27763,8
24211,0
24755,107
25927,8
23901,3
26564,11
24933,6
25529,9
25933,16
25928,5
23677,0
10290,0
714,0
11737,0
2392,0
23071,0
14720,0
28220,0
2390,0
5292,0
3675,0
2493,0
3828,0
3494,0
2942,0
7952,0
2421,0
3940,0
3762,0
8802,0
2940,0
1603,0
2530,0
3159,0
4823,0
3768,0
27279,7
25697,2
26644,6
27299,0
27408,0
27337,0
25718,5
25735,14
25577,6
23691,0
24125,0
24595,0
27583,3
23670,23
24627,1450
24565,54
3470,0
3697,0
3587,0
3690,0
4461,0
2894,0
3585,0
4506,0
3890,0
1684,0
4780,0
4592,0
3819,0
17994,0
10547,0
21286,0
20443,0
6839,0
16420,0
9363,0
8864,0
22340,0
8867,0
18519,0
7669,0
8652,0
19196,0
15164,0
16196,0
8057,0
16970,0
16077,0
17648,0
7595,0
7289,0
13060,0
25634,11
25871,13
24613,7
24606,24
26774,17
26757,75
26579,2
24436,8
19666,0
26718,0
25861,15
26341,10
25842,21
26801,11
27333,7
25851,6
27968,8
25196,11
25737,22
26668,12
26759,0
7599,0
9106,0
9156,0
17878,0
610,0
284,0
7293,0
51,0
575,0
17667,0
579,0
8510,0
8508,0
13189,0
13190,0
868,0
988,0
22490,0
23035,0
21332,0
22139,0
11234,0
21140,0
1001,0
21543,0
16002,0
27649,0
1002,0
11394,0
12899,0
12901,0
17246,0
16289,0
20917,0
22779,0
21769,0
26730,2
26159,7
24611,32
27456,6
24990,13
25211,12
24761,17
25215,13
22153,0
1009,0
999,0
21478,0
14699,0
14280,0
22174,0
21850,0
27711,0
18288,0
18635,0
28130,0
20581,0
22594,0
22943,0
17515,0
22878,0
20431,0
22550,0
11232,0
25615,9
24213,5
24783,17
19674,0
27226,11
25681,7
25628,4
25997,4
27706,9
26233,1
26424,3
25560,41
25304,2
26429,1
26487,3
26305,9
23997,19
27013,3
25803,5
26069,3
26431,2
1016,0
21923,0
21492,0
20552,0
22823,0
16660,0
21783,0
20458,0
16670,0
16725,0
19631,0
17008,0
19105,0
11687,0
22685,0
17751,0
18473,0
20324,0
17273,0
19945,0
14099,0
28149,0
28365,0
14360,0
23752,28
24625,0
26880,1
23692,7
26928,9
26044,2
25326,6
28178,4
25164,18
28169,3
21628,0
22006,0
20024,0
21508,0
27756,0
13555,0
13572,0
16065,0
21680,0
13645,0
28166,0
17131,0
10055,0
10058,0
20467,0
20554,0
9185,0
8469,0
4036,0
1483,0
2423,0
23453,0
23452,0
7978,0
7089,0
4052,0
18649,0
2498,0
3902,0
2529,0
26819,3
27747,6
26492,4
24237,3
26610,3
28187,3
27045,3
27122,7
24680,6
26240,18
27059,6
26625,6
27039,2
26811,0
27006,0
27463,12
23700,14
27078,14
27498,20
26416,0
2391,0
22150,0
18590,0
18116,0
15166,0
1298,0
2497,0
3831,0
3495,0
7953,0
3502,0
2480,0
1662,0
1021,0
3765,0
3160,0
3473,0
3471,0
3590,0
3691,0
2893,0
4393,0
4508,0
3893,0
27274,0
25690,3
26569,11
26149,7
23690,12
28219,0
24144,10
28286,4
25787,2
24126,0
24124,1
28237,14
24059,12
25239,5
23703,9
24626,2
27386,8
25982,23
26306,8
25231,24
1680,0
17504,0
20211,0
10545,0
21633,0
8865,0
8868,0
18518,0
7676,0
8220,0
18903,0
9586,0
8653,0
22028,0
18631,0
18852,0
16031,0
19173,0
17350,0
16627,0
8047,0
7596,0
7291,0
7545,0
14391,0
14183,0
16815,0
28329,0
18398,0
228,0
225,0
18643,0
18319,0
18440,0
52,0
576,0
24686,21
26068,2
27438,1
27592,23
25486,15
24234,51
26824,0
26934,33
26719,0
12250,0
25758,77
26717,1
26150,6
24058,35
24060,10
26670,17
26667,4
578,0
22325,0
992,0
990,0
18375,0
21968,0
20238,0
16821,0
21156,0
20618,0
16001,0
21830,0
1005,0
12900,0
23282,0
13002,0
23284,0
14999,0
216,0
17200,0
17247,0
16288,0
17125,0
21818,0
20742,0
20508,0
21862,0
997,0
22368,0
16170,0
14698,0
21012,0
16633,0
6447,0
23,0
21869,0
22034,0
20938,0
21153,0
27937,0
18638,0
28012,0
21848,0
22807,0
25212,0
27195,7
26601,20
24939,10
23823,0
20614,0
28135,0
20426,0
21868,0
21924,0
20539,0
20967,0
25340,8
25618,39
27262,4
25638,4
24180,19
24110,19
28262,0
16380,0
560,0
19632,0
19907,0
27716,0
11688,0
17753,0
18064,0
20908,0
17274,0
14361,0
22227,0
16174,0
22007,0
21339,0
27947,0
13550,0
13551,0
13944,0
13569,0
13160,0
17280,0
17788,0
19245,0
20468,0
22063,0
8468,0
1515,0
9068,0
1480,0
24733,20
26239,1
26977,11
27142,7
26365,13
27020,11
27502,9
27112,13
27097,2
27636,3
28148,2
28364,4
28363,2
26495,5
26477,2
27755,2
27076,17
24764,15
27058,8
27509,6
27120,9
1484,0
7088,0
4054,0
3899,0
21803,0
17367,0
1285,0
3830,0
3496,0
2479,0
1659,0
1022,0
4033,0
513,0
17511,0
5999,0
3771,0
16944,0
3474,0
3586,0
3692,0
5865,0
3185,0
2897,0
8775,0
3889,0
3785,0
1681,0
17349,0
25990,0
24754,65
23948,9
25719,7
28221,20
27327,0
24149,0
24602,0
25631,17
25632,8
28389,5
28052,174
25635,36
23863,6
25000,10
26458,43
8870,0
28081,0
18441,0
7674,0
8227,0
3118,0
10844,0
17565,0
18905,0
7216,0
18851,0
15169,0
15951,0
8046,0
8804,0
9155,0
16611,0
18761,0
7597,0
16910,0
7546,0
14390,0
17707,0
14182,0
18683,0
18388,0
18671,0
227,0
224,0
17576,0
17575,0
53,0
577,0
26702,14
28136,5
28159,6
27151,9
11335,0
11882,0
25757,357
25348,9
26181,3
25845,3
26800,5
25850,6
25846,4
26586,1
26084,2
25630,7
27332,2
26728,0
27428,0
28271,1
20840,0
20257,0
17644,0
28123,0
20274,0
20193,0
15947,0
15948,0
1011,0
12904,0
11397,0
12898,0
13004,0
23430,0
14994,0
217,0
703,0
21661,0
16256,0
12655,0
18103,0
21817,0
998,0
1008,0
22883,0
22216,0
14262,0
22049,0
18994,0
22,0
21719,0
18190,0
18660,0
28037,0
20371,0
994,0
25496,359
26295,0
26089,22
26033,1
26313,32
28361,13
24466,9
24490,21
24741,10
25652,13
25056,9
28249,0
20442,0
20473,0
21768,0
27785,0
17208,0
558,0
19919,0
17109,0
16390,0
18000,0
21674,0
19285,0
18423,0
14235,0
14237,0
27759,0
17212,0
18838,0
18495,0
25656,21
26311,12
24650,16
28261,14
25101,9
27073,0
27715,20
27014,2
702,0
26957,9
27135,20
26858,0
25530,9
27260,9
21340,0
27946,4
26624,3
13552,0
21412,0
22012,0
17279,0
17061,0
21466,0
21635,0
8467,0
27657,0
9069,0
1481,0
1513,0
4055,0
3900,0
19015,0
1284,0
5259,0
3829,0
6125,0
3497,0
7948,0
3500,0
1660,0
1017,0
4034,0
28065,0
6000,0
3782,0
8777,0
3888,0
27077,12
26881,10
28265,13
26906,27
27227,11
26599,7
24535,115
25989,1643
24753,108
23755,11
24148,1
24601,3
26368,4
28160,0
25633,6
18983,0
24330,2
24678,1
23858,7
26484,11
3786,0
8875,0
18402,0
16516,0
7955,0
3114,0
17564,0
16681,0
18582,0
14707,0
9109,0
7110,0
8806,0
16911,0
7544,0
14726,0
18369,0
17602,0
269,0
16376,0
760,0
18351,0
17289,0
17633,0
27174,13
28080,4
26544,0
26721,0
26720,1
25862,9
26545,42
27277,3
23882,18
26724,284
26375,5
23788,5
25602,3
26752,9
26727,7
27427,6
26835,0
26735,24
26328,20
26839,8
21160,0
17643,0
19199,0
20343,0
22488,0
20192,0
20504,0
16744,0
6160,0
1012,0
12905,0
12897,0
12896,0
16508,0
21920,0
14163,0
14261,0
22050,0
16252,0
16251,0
21,0
20396,0
20474,0
21767,0
28122,0
28362,11
12733,0
27306,0
23447,0
25550,14
26603,28
27140,17
24676,0
24766,27
26364,10
26975,20
25818,34
18189,0
26331,0
28036,3
26308,10
28248,0
24712,2
840,0
20980,0
18560,0
17110,0
17497,0
17785,0
17786,0
22622,0
18723,0
20778,0
22010,0
18057,0
1512,0
4057,0
8735,0
1297,0
3498,0
3514,0
5998,0
6086,0
7282,0
11415,0
1663,0
15570,0
1018,0
27784,0
25109,17
25102,14
24956,3
26191,3
27123,8
27003,6
27491,36
25507,10
26837,12
27758,4
26929,2
26882,15
27074,12
26552,15
27125,9
27126,12
27040,17
28368,8
27656,9
24534,15
25988,5
28283,22
24208,162
4035,0
3783,0
3833,0
3857,0
8778,0
3894,0
3791,0
9372,0
7468,0
10593,0
3115,0
7141,0
18813,0
17122,0
27909,0
7438,0
17570,0
17974,0
9112,0
20780,0
15770,0
7112,0
19769,0
17082,0
18382,0
19080,0
17632,0
7466,0
17406,0
18139,0
19228,0
16607,0
28105,0
25576,19
28064,5
23859,221
23860,0
26580,8
25478,0
7954,0
25763,2
26587,7
25238,5
26590,19
26656,1
26661,20
24394,16
26834,47
27311,5
26158,3
24609,0
318,0
17452,0
843,0
1,0
289,0
20317,0
20305,0
16573,0
27645,0
21159,0
20646,0
20647,0
20344,0
16745,0
5944,0
22515,0
12895,0
13006,0
17979,0
5943,0
16195,0
6036,0
17237,0
21921,0
14162,0
14435,0
18599,0
20434,0
20291,0
292,0
24987,17
24963,16
25185,30
25184,22
25937,41
25898,4
26236,17
27414,25
25353,15
26486,6
28179,0
25200,21
24463,15
27506,23
12653,0
27241,57
25707,52
25008,0
28250,12
28005,11
27786,7
26803,5
21307,0
18559,0
18059,0
28301,0
17793,0
21128,0
27822,0
20176,0
5831,0
4301,0
23451,0
3577,0
1361,0
1296,0
3499,0
7281,0
17321,0
16038,0
8667,0
1664,0
1019,0
4029,0
5104,0
5838,0
16072,0
3784,0
23390,0
5017,0
3834,0
4303,0
3855,0
17023,0
3895,0
3792,0
27865,0
16172,0
16171,0
9371,0
7469,0
7470,0
10595,0
3117,0
21497,0
27100,7
26905,0
25804,10
25791,7
25984,5
24083,0
25811,4
25545,5
25321,0
25843,15
25761,15
26833,1
27512,2
16844,0
9832,0
18600,0
14704,0
7109,0
19628,0
18744,0
17638,0
19448,0
19044,0
17153,0
18338,0
19698,0
17407,0
19230,0
19225,0
22522,0
18435,0
844,0
2,0
28132,0
28218,0
22069,0
5945,0
12126,0
5964,0
27908,4
27382,2
26329,0
25786,0
27312,0
26729,11
26760,7
25785,0
26323,19
25784,6
25974,11
26157,6
28104,13
24989,8
27212,0
25892,10
25355,30
25351,51
27624,13
27644,6
24995,8
24811,35
26348,10
26366,11
27389,6
6385,0
20781,0
20782,0
14438,0
17076,0
18060,0
28236,0
22506,0
5833,0
17170,0
4302,0
3578,0
1362,0
3810,0
1295,0
3513,0
16558,0
17320,0
19112,0
1665,0
1020,0
4030,0
5103,0
5842,0
16824,0
4387,0
26110,29
25011,26
26185,0
25416,10
24056,42
25173,45
24610,4
26640,1
24703,1
28300,1
26532,8
27821,2
25792,9
25983,21
25674,7
25673,5
24082,7
28327,7
26685,2
25972,12
24719,2
27113,0
26671,19
27864,8
25132,12
9366,0
12753,0
10133,0
3116,0
8488,0
19162,0
7108,0
19771,0
18743,0
17770,0
18490,0
17712,0
19103,0
19762,0
18434,0
17152,0
17222,0
17613,0
18646,0
19579,0
17855,0
19150,0
20974,0
4,0
22179,0
25322,0
25320,10
27513,2
25764,5
25364,7
27318,6
27497,2
25849,9
27643,20
25546,12
25127,89
26035,16
26841,7
26235,20
26764,1
25790,17
26836,7
27688,15
25123,9
26734,1
25526,4
26741,12
28131,3
28217,25
21837,0
22444,0
20432,0
12129,0
19086,0
6386,0
6418,0
6415,0
19939,0
18050,0
18474,0
18722,0
22505,0
3579,0
7408,0
18265,0
17932,0
19543,0
1666,0
18546,0
19359,0
1024,0
19447,0
5102,0
5840,0
16823,0
18283,0
16014,0
4386,0
3793,0
9369,0
3108,0
11705,0
7106,0
12752,0
17056,0
17880,0
19486,0
27918,20
26111,6
12127,0
26112,15
26109,14
26118,6
26347,19
26476,14
28235,31
27811,9
25195,15
24357,0
25694,6
24926,1
25695,8
25676,7
24127,13
23944,20
25780,7
10136,0
3107,0
8489,0
19772,0
18540,0
18489,0
17738,0
19299,0
19042,0
18669,0
16695,0
19316,0
18955,0
17467,0
21836,0
20655,0
21271,0
21270,0
20269,0
19081,0
16217,0
27601,4
25847,11
26732,11
26763,5
27131,4
24701,14
26234,6
26740,21
26324,12
26325,17
25270,3
26156,38
26327,3
25926,7
25368,114
28139,15
28133,4
25224,3
12128,0
26369,7
18051,0
18281,0
3580,0
7411,0
3583,0
17330,0
1667,0
17550,0
17021,0
17149,0
19045,0
5101,0
11327,0
3111,0
11704,0
12749,0
12751,0
20158,0
16404,0
20562,0
17588,0
20302,0
10135,0
3112,0
10845,0
18173,0
17043,0
16997,0
18174,0
27038,15
27940,1
25801,8
24356,116
25985,14
26989,11
27347,2
24697,16
26312,10
1025,0
24909,0
23848,24
26623,11
25833,15
24934,6
24519,17
25584,0
25773,0
27559,8
25760,7
27823,22
28399,3
26980,14
24828,273
16009,0
17118,0
17605,0
17333,0
18167,0
20746,0
19625,0
21098,0
19621,0
3581,0
3575,0
19113,0
27817,0
18054,0
1668,0
6381,0
16549,0
5100,0
17371,0
17069,0
11328,0
11197,0
12756,0
3110,0
11703,0
12757,0
12750,0
12758,0
12761,0
18323,0
16392,0
20563,0
26219,34
26475,12
26087,3
25925,3
24988,35
25369,28
28231,11
28212,24
24964,9
27263,45
26140,8
26370,2
26605,22
27578,13
24957,5
25693,1
26383,7
23762,3
23807,23
24147,16
24136,3
23845,13
19465,0
20301,0
17614,0
22080,0
17327,0
20850,0
3582,0
3574,0
18403,0
18350,0
17147,0
19786,0
5098,0
16511,0
11195,0
12755,0
3113,0
11701,0
17996,0
24120,5
25863,1
26115,21
26530,9
24503,8
25324,17
26163,6
27148,19
26088,0
28232,11
27640,7
25515,11
25472,31
26804,34
25551,7
27816,6
25679,9
25389,15
23862,0
24042,924
25712,8
25971,5
24971,4
25967,4
24928,3
24041,12
21116,0
13317,0
20714,0
12760,0
18630,0
16345,0
20891,0
21040,0
19341,0
17387,0
17881,0
18704,0
23574,0
17587,0
17325,0
21725,0
18698,0
18297,0
3721,0
17067,0
4213,0
19395,0
16510,0
13322,0
16657,0
20439,0
16430,0
22694,0
25799,14
26498,10
26503,5
26202,0
25009,2
26244,15
24504,0
27149,0
27330,258
26180,14
25675,2
27308,2
26712,11
25678,2
23861,2
24034,13
25809,0
25010,0
25588,265
26162,4
25800,12
25587,0
26107,13
25502,6
20278,0
18682,0
18705,0
23561,0
22502,0
18451,0
19366,0
16303,0
17158,0
18298,0
16678,0
4214,0
4215,0
12435,0
13321,0
19679,0
16684,0
12384,0
17199,0
17697,0
18506,0
18413,0
18569,0
17645,0
16300,0
19280,0
17924,0
28177,0
4217,0
25841,0
24201,17
26722,4
26179,0
23659,6
24294,6
24518,15
26298,15
25711,8
25713,5
25586,49
25771,0
25769,68
25742,0
25296,36
27261,0
26036,12
23864,0
26296,2
26299,0
12439,0
13320,0
16943,0
20577,0
28313,0
21247,0
27986,0
17198,0
18673,0
18507,0
20711,0
18346,0
16679,0
12438,0
13319,0
16047,0
20576,0
19695,0
12383,0
22810,0
12437,0
13323,0
17568,0
22021,0
21996,0
25821,10
27219,6
24536,8
26133,0
28152,75
27637,20
25970,6
27181,0
24773,6
26130,14
27566,2
25891,4
28176,5
24868,7
27985,0
27141,4
26132,0
27190,0
26131,3
26294,7
23915,20
26090,6
25954,15
26388,4
26148,23
12382,0
27987,7
19723,0
22917,0
20365,0
17828,0
20364,0
8079,0
8479,0
8475,0
8473,0
8474,0
6177,0
6176,0
8813,0
8812,0
1478,0
1479,0
28093,0
22896,0
22898,0
22709,0
22259,0
22708,0
21094,0
20802,0
21742,0
7024,0
3745,0
3746,0
3757,0
23916,0
12436,0
27460,38
26395,2
28296,31
26103,10
27551,0
3711,0
3710,0
1688,0
1819,0
4915,0
5316,0
5310,0
28029,0
539,0
16705,0
1678,0
1687,0
21652,0
3739,0
3545,0
3546,0
13704,0
13703,0
3482,0
1875,0
3539,0
1376,0
1803,0
19519,0
1358,0
1373,0
4468,0
2887,0
2888,0
2988,0
5561,0
2881,0
4361,0
5599,0
12917,0
5598,0
6014,0
12919,0
24043,10
25512,31
25524,7
28014,0
1360,0
1355,0
1913,0
15285,0
15281,0
9760,0
6987,0
14908,0
5304,0
5458,0
28208,0
28039,0
16807,0
28013,0
25074,19
24290,5
28110,8
18230,0
3976,0
1880,0
5429,0
3424,0
4476,0
18847,0
18879,0
13244,0
18878,0
13243,0
18880,0
19132,0
2013,0
20457,0
22244,0
8615,0
4464,0
4466,0
2053,0
3001,0
4062,0
5075,0
17009,0
17010,0
19793,0
21102,0
5315,0
17686,0
18790,0
19297,0
22758,0
5139,0
28020,53
25221,8
27562,12
27561,5
22128,0
28340,0
21278,0
9632,0
9629,0
9634,0
1080,0
22484,0
22337,0
20663,0
20017,0
23429,0
23428,0
4294,0
21915,0
4629,0
9915,0
9921,0
1390,0
21427,0
4857,0
21629,0
6148,0
6151,0
15731,0
15733,0
15817,0
15732,0
24642,0
25569,5
24622,6
24270,0
24220,0
27692,1
25519,4
25980,12
26918,7
24972,3
25701,7
25405,38
25665,0
27483,0
24219,12
25384,0
27383,3
27358,2
24738,0
26040,3
27177,4
25664,0
11601,0
25406,0
24160,127
24531,2
25669,8
26039,2
24459,0
25666,2
24457,101
25083,14
25432,11
23668,0
25452,15
27368,0
24530,0
25723,2
26227,1
27796,0
25476,1
25493,2
24137,4
25402,3
25473,3
24648,6
24352,6
26974,0
26266,0
24543,2
24669,4
25501,3
27606,2
25469,4
25658,9
27686,3
27690,1
26061,2
26265,0
23957,0
24354,0
26693,64
27574,0
27684,3
27166,0
26026,16
27162,4
24039,102
27630,3
24629,16
28205,6
24062,23
24656,33
24748,5
25122,15
27156,1
26031,12
25536,0
25532,17
25931,2
26385,8
26027,6
24061,3
23786,126
24574,27
28188,35
25409,4
24297,197
24291,19
24176,2
14944,0
14942,0
27314,0
27941,0
25753,0
25533,0
25643,8
25768,7
23763,3
23785,15
23787,20
28198,17
25500,1
24572,9
24571,17
24226,0
24296,2
23930,0
24863,3
23772,54
26815,0
25788,0
25284,7
25641,0
27225,13
23764,0
27418,7
23877,536
24106,0
24225,9
24258,7
26892,298
24710,0
25249,0
24718,4
24797,7
26251,5
24836,3
25884,3
23790,9
24282,13
26816,0
26814,20
27411,10
25640,2
25642,3
25976,6
28309,8
27955,0
24658,11
24637,4
27271,1
24538,5
28255,9
24739,11
24737,15
27521,10
25120,13
23908,6
25217,9
26891,22
24709,9
25248,4
24528,33
23806,5
24770,7
24702,6
27346,2
27553,6
26054,6
24415,0
27485,23
23946,29
25052,0
24632,32
26344,14
25407,1
24652,0
23841,79
24540,13
24902,28
24197,6
27546,0
28163,7
24850,18
28292,11
25220,0
26890,0
24108,0
24633,0
23865,0
26277,0
24621,0
24651,8
23840,1
26322,10
24541,8
24817,4
27186,7
24816,3
27597,7
27153,0
25119,14
27409,21
25644,1
25645,2
27772,3
24246,0
25054,16
24299,45
27448,272
24216,18
23883,14
27514,5
26278,0
26276,2
24620,13
27452,0
25044,16
27401,3
26999,3
26860,54
27451,0
25085,16
27439,5
25055,8
27215,5
25053,9
24893,9
24293,14
24445,11
23907,45
24167,0
23854,0
26944,86
24427,0
23810,8
27450,14
27819,1
25086,0
25045,3
28394,8
26024,6
25521,12
24241,28
24168,0
23855,0
23853,0
24426,6
23809,9
24814,22
23797,0
24240,0
24789,23
24425,14
27440,6
24448,9
26902,15
26813,0
27413,3
26659,4
26903,8
27898,3
26658,13
26904,13
24097,5
24078,6
27475,0
25058,24
24599,15
24255,52
24809,0
24403,0
23868,0
27501,0
24479,8
27545,5
27524,33
24815,11
27951,3
27555,51
26047,0
26711,0
24239,3
26825,9
28318,22
28156,8
27009,6
25059,0
24256,251
24254,2
24771,8
24835,9
24707,6
24794,108
26284,8
28245,0
24896,10
26674,13
27971,3
24894,23
24295,11
24151,22
24129,0
25088,7
24009,27
24173,5
27165,3
24793,12
24791,19
24798,17
27855,15
24406,4
26141,4
25094,8
23852,5
24792,15
24449,44
24224,33
25451,0
28247,22
28310,10
24010,45
23849,20
24706,7
27394,5
27391,11
26360,6
26699,4
26954,2
25447,8
24550,51
26038,13
26582,6
27205,4
24066,5
25128,9
26978,11
27010,53
24184,2
23741,7
23928,3
23732,6
25315,3
24385,0
26896,1156
26704,14
24027,14
24115,138
23873,3
27989,1
24384,5
26897,0
26899,98
25991,3
25582,0
27245,0
24114,1
23830,184
23831,37
26092,0
26371,6
25023,1
24994,12
23975,64
25111,0
26211,0
26556,8
27626,48
26050,10
26769,11
28379,49
28015,4
25748,3
24116,0
23927,6
27723,14
26144,11
26145,9
27264,7
7230,0
27808,3
27558,6
25241,3
25240,8
27469,3
24112,0
27222,2
24378,1
27921,4
25585,11
26885,7
25511,32
26679,8
27182,16
23664,39
24387,8
26755,140
25049,8
27707,0
25360,8
26048,3
27486,5
25313,4
24727,52
24111,25
24439,2
27243,16
26710,0
25106,99
27150,25
26437,13
26363,11
24388,28
27700,6
25302,6
26201,18
24162,22
26337,0
27379,1
27421,2
26317,4
24605,0
28114,0
24644,0
24728,0
24726,1
24064,32
26362,7
27183,5
26285,4
27789,13
24749,0
23707,2
25288,11
24310,14
25068,18
24377,10
26184,3
23766,0
23885,0
27658,0
24016,33
26861,0
27660,8
25498,0
24787,6
26272,0
25951,2
24522,1
24006,0
27169,3
27732,0
26792,22
24122,0
27387,2
25237,4
27223,13
24588,0
25280,17
25483,15
26516,15
26406,7
27050,5
26751,11
23967,28
26518,0
26785,0
24163,8
27888,0
27962,0
27065,1
24687,14
27051,11
26615,6
27852,3
27062,9
27916,6
27295,1
24157,19
26849,0
26188,18
27958,19
28224,17
23871,1
25858,12
25834,6
26879,7
26993,2
25311,0
26866,5
27007,7
25335,17
27191,4
24960,6
23718,1099
27085,7
26791,8
26638,15
26501,4
27842,2
28153,19
26619,11
26620,7
24721,6
27778,1
27677,6
11539,0
25828,22
27895,6
24866,6
25525,2
25279,1
25278,7
23961,3
26822,5
26020,10
24423,6
11261,0
24087,0
24371,16
25965,7
27646,6
24825,9
24723,1
26960,0
26502,7
27782,5
24720,5
24722,2
26894,16
26639,7
27296,0
27340,0
27453,0
24138,20
23935,16
24692,0
26939,20
26829,54
26440,11
26165,40
26780,0
26557,12
26006,16
26005,20
27527,8
26540,8
26768,0
26766,2
27276,4
23655,240
25945,10
26474,30
25704,9
24407,28
26274,17
25923,14
24229,0
24303,11
25561,2
25563,0
24086,0
27054,6
27055,8
26538,8
24050,2
28063,0
26867,5
26869,4
25467,0
27008,11
24542,3
27192,4
25339,1
26992,0
25517,1
24947,1
26618,0
27776,2
24014,0
26925,5
26686,10
24001,0
25182,0
23886,4
23725,11
27155,9
25152,23
27325,0
27326,0
26286,7
26770,7
25372,26
27037,2
25831,0
25886,37
24890,5
23977,7
24433,75
24603,3
24469,19
25924,9
23964,0
24691,5
25456,8
2625,0
24358,2
26354,10
24927,43
27351,9
25564,0
23648,148
28358,16
24372,5
24346,3
24348,9
26401,6
24231,4
28126,0
26870,2
28004,4
25087,3
26621,5
27064,3
27053,23
27133,7
27812,1
27207,3
27372,10
24885,10
25292,17
24524,9
24278,5
25175,19
26973,15
24334,0
26396,21
26924,7
27931,7
26125,7
25181,13
24094,0
24000,0
26123,2
28053,552
24073,0
26509,13
25948,19
25946,7
25830,4
26015,59
26473,10
25877,21
25837,9
25885,16
25883,14
25256,7
27727,4
24139,15
26073,19
25491,14
25987,8
27293,2
26990,1
27291,11
25169,746
27621,1
28128,6
27067,36
27912,0
28259,13
26616,12
27108,14
24716,2
23819,20
26868,0
27371,5
24434,0
28253,0
26886,57
27208,0
27209,3
27095,2
28326,28
25290,0
24525,0
27385,20
25308,15
24335,0
26124,6
25514,3
24093,12
23999,0
24826,10
23898,252
26246,6
28094,6
26782,7
23706,0
23704,189
25151,21
26848,0
28055,0
28056,0
26952,19
24037,0
24072,0
28025,0
26510,15
24068,30
24069,103
24747,7
28390,21
25836,10
25201,7
24155,8
27193,3
26771,7
26330,1
27868,2
26614,4
26617,4
23736,0
28351,5
28371,3
24616,0
27139,7
24831,24
24506,19
25131,8
25298,57
27138,0
28375,2
26300,0
27087,1
25180,18
27573,0
27571,1
27235,0
27011,0
27415,11
26664,0
26597,7
28279,0
28058,0
26953,0
27159,0
26958,7
27172,9
25150,5
26787,6
24071,0
28027,9
28202,13
25099,11
24123,15
25746,5
25944,4
24313,5
26216,7
24305,8
28354,2
25936,32
22360,0
26070,7
25565,22
24306,9
24453,11
24252,3
23976,10
26077,11
23818,9
25571,0
26350,0
27702,0
24442,0
28046,0
25393,7
27622,1
25145,0
27109,7
27111,3
26630,2
26652,8
27775,0
12205,0
23735,0
24615,5
27462,8
26291,4
26937,2
23753,21
27170,12
27137,2
24889,5
25271,0
26645,0
26818,0
27098,0
25901,5
26357,5
28289,0
25958,1
25956,10
25439,22
26003,16
26256,36
26472,11
27675,22
26259,11
24329,5
26398,11
26828,3
25257,7
27216,6
24813,6
27420,1
25471,2
24441,2
28049,0
27595,5
25146,4
26628,0
26629,1
26631,3
27029,16
26875,6
27910,17
26921,0
28344,0
23734,6
23746,65
27425,4
26267,14
27567,7
23754,103
24025,19
28388,7
24740,1
25559,2
25557,0
26525,5
25606,23
27090,0
27632,0
26053,0
27733,0
26142,0
27742,2
27106,12
25520,5
25179,7
24662,8
24684,5
25881,9
25549,0
25941,11
23982,0
24017,0
28233,220
25934,5
24156,15
27736,6
26097,15
24171,14
24046,0
26421,6
27872,0
26076,4
26002,10
24977,8
27180,6
24486,506
25731,0
25544,0
25995,8
25816,1
25317,12
27381,0
27529,0
25485,7
27419,0
25342,2
27807,2
28000,0
24666,3
25147,2
25148,3
24908,5
25174,7
28051,0
28282,6
26613,1
26081,63
26441,5
25709,0
26864,1
27331,3
26920,1
25382,0
26226,0
28077,0
28346,7
26983,412
24776,0
23745,8
27405,3
25199,5
27743,3
26609,0
28106,25
26563,6
24614,3
23737,11
27018,4
27178,0
27278,14
28359,29
25323,0
26657,13
27344,0
26762,346
26665,10
27416,19
22615,0
25014,7
25374,10
26059,4
26888,12
26622,13
24918,5
24130,12
26273,10
25910,7
25125,14
27948,72
24417,26
24495,12
24497,10
26116,10
26469,19
28102,5
27302,38
27399,0
27397,18
26559,0
26105,0
24511,0
27303,45
24045,14
25578,10
25624,11
25538,9
26129,7
25623,2
12113,0
27874,7
25622,8
26011,8
26491,9
25527,2
27774,5
26636,0
27593,3
24196,37
25352,8
28002,2
27590,3
28120,7
25143,6
25141,0
24185,4
27638,3
24589,0
26862,2
25680,3
26023,0
25614,6
23698,5
26705,6
26633,14
27105,14
26865,8
26863,0
28272,0
25381,3
26225,6
28079,8
24775,9
27057,0
27042,0
27116,8
27118,10
27127,3
27128,8
25482,19
27102,6
27080,8
27258,0
26646,36
26222,11
27434,0
27252,0
26507,24
27352,10
27496,2
26243,9
25591,203
24468,84
26051,3
23984,13
23903,0
24824,48
23919,6
25887,10
23673,0
24158,36
23749,94
28214,24
28347,11
25717,2
25716,7
26853,7
27884,3
25488,0
26802,0
24708,22
26414,14
26965,5
27879,9
23720,21
26104,12
24510,20
25003,14
27304,22
28196,13
28170,1
27492,4
26013,6
24153,12
23998,7
25176,0
24696,521
27667,7
24859,56
24975,9
24976,32
25204,3
25203,3
27767,5
26541,14
25177,4
27565,2
26500,0
23832,7
27505,0
28182,7
26821,17
26499,0
26874,2
26878,1
26877,4
28274,13
27259,0
27481,5
27507,0
26984,5
27056,1
27041,1
26779,0
27556,0
26987,0
25310,8
26434,16
27117,7
27119,2
23777,4
28243,8
27103,4
27101,8
27124,13
27099,4
26641,4
27829,0
24331,11
27144,1
26315,0
25649,2
27871,16
26496,8
26224,4
26976,14
27896,3
28332,4
25487,20
24833,114
27628,5
25966,5
26186,22
26535,49
25004,0
27200,4
26470,35
26098,14
26030,13
25269,2
25206,28
25116,9
27104,1
27167,34
28397,2
27319,28
24784,4
26634,6
27977,35
25600,6
26635,0
25896,7
27257,4
27920,7
11353,0
26687,5
28003,92
25359,0
27048,5
27079,10
24667,4
26642,0
27729,0
27359,1
24848,0
25375,0
26231,6
24212,0
24758,0
24756,0
24221,12
26086,9
26669,51
24700,4
28118,9
28195,9
25306,0
28334,17
24230,10
26253,6
23945,3
28391,13
24474,4
24101,0
24190,27
26497,8
24339,12
25964,3
25960,52
28211,14
24711,17
26106,34
25178,0
27253,12
26471,11
25727,12
27305,0
24699,29
26082,16
26029,9
26066,3
25266,5
25620,7
28075,8
25797,5
25822,26
23983,8
26303,4
27493,19
25798,9
28316,7
25325,10
25107,5
25158,6
25162,8
25161,1
25165,2
25160,2
25163,2
28043,1
23675,21
24705,2
27465,1
27132,7
28324,12
27765,4
26058,12
26608,3
26333,7
25421,2
25383,0
27121,8
27824,9
28040,2
27488,4
28073,7
27129,13
23699,8
24215,0
28143,8
25016,10
24170,9
25603,0
27568,7
24636,3
24683,16
28335,16
25095,11
26427,8
24774,18
24730,38
12187,0
13454,0
27494,7
26307,5
26430,0
24100,2
24465,0
24539,35
26852,41
24982,20
25728,0
25726,0
24887,24
27309,13
27863,31
28085,0
28041,0
27396,11
26367,6
26392,10
26301,0
25596,4
25232,231
24757,88
28307,162
23847,18
23947,4
26548,7
23671,0
26753,7
26335,20
26758,7
28269,0
27236,9
24665,3
27473,8
24568,0
26777,0
24561,13
26356,24
27674,12
25824,6
26972,0
24096,28
24582,14
24464,33
24502,14
26032,14
27648,8
27307,0
12804,0
27240,19
28042,0
25420,10
27395,39
24819,20
26101,26
26095,0
14282,0
25699,0
26426,10
27710,1
26488,2
25793,2
28129,2
25794,4
26384,3
28165,3
26022,3
27075,7
26647,1
26187,9
27228,13
26551,20
28328,4
26178,1
27313,9
24567,12
24639,56
23822,32
27581,28
26602,20
27239,5
25229,23
25337,21
24818,21
26099,101
26100,4
24767,0
26212,35
26213,0
25755,26
26113,18
25682,0
26302,41
27936,9
25796,5
28011,2
25795,9
27378,31
28134,37
22800,0
27317,3
26177,4
26840,4
26122,7
28295,31
24608,0
26332,18
24607,24
25350,41
25354,13
25357,27
25356,26
24736,12
25703,6
24688,8
25677,8
25672,3
26761,36
25810,0
25772,9
26057,9
27550,30
25522,5
26352,30
24437,125
25210,0
23825,10
23917,11
28117,8
21717,0
26288,0
25361,70
25362,0
23733,7
25096,28
28092,4
28230,20
28353,110
22897,0
22920,0
27289,3
24877,0
24063,9
25001,8
27466,0
24566,26
26643,0
27086,7
26358,8
26775,0
27560,0
26309,0
24832,9
26612,7
27410,0
25583,19
24044,14
23719,5
26926,10
12316,0
25137,2
24088,0
28099,5
27814,1
25303,1
27163,11
28028,3
28048,2
24480,0
26723,6
25080,0
25002,0
21957,0
22980,0
25875,14
24872,8
23900,7
26189,3
23761,1
25607,24
24799,16
26207,4
25609,25
25817,0
25291,19
25489,21
25756,39
25774,17
26938,0
23846,10
25307,5
26464,0
26155,18
25130,11
24759,32
24020,41
26988,0
26626,0
26627,0
28158,4
26340,4
25198,4
25170,8
28223,3
27233,13
27234,0
24392,0
26778,0
27217,9
25188,12
26138,10
26338,20
24031,16
24030,57
28146,6
23829,59
24002,6
24166,0
25133,6
25017,6
25135,7
25234,9
24744,4
26456,8
25134,0
25167,9
25166,10
28323,5
25294,21
26600,25
26912,0
25209,7
24428,0
25189,4
25208,4
27341,0
27577,0
26933,22
28311,57
28336,10
24264,24
26161,6
23781,47
27570,9
28209,3
28207,3
27564,9
28038,7
27563,16
25349,8
27164,20
26290,8
25391,2
26254,6
24135,11
23918,6
26483,19
24762,44
26698,22
27442,0
26117,8
26297,16
24596,14
24619,5
26593,30
26592,74
26055,6
25775,21
28204,17
27171,0
26208,5
25806,6
25805,16
25093,1
25619,12
21100,0
21103,0
26684,22
26683,71
25692,11
26462,11
25509,0
27432,0
27091,0
27520,15
25879,3
27220,21
23696,30
23695,15
28339,38
23782,26
24796,14
28341,3
25636,4
25639,7
26709,7
24023,5
27049,5
25358,6
24217,0
24243,9
24517,5
25126,10
25190,23
27365,106
25825,9
24132,28
25067,7
25616,7
25032,15
25079,126
26037,15
25474,8
24584,16
26632,15
27173,0
23933,3
26908,10
24647,18
24471,9
26468,5
26467,3
25287,25
25379,10
24635,10
25876,7
27478,1
27479,0
27349,40
25110,0
24657,19
18957,0
13439,0
25254,0
24732,0
28147,0
12723,0
19616,0
7202,0
13544,0
10020,0
19797,0
27670,0
20835,0
4719,0
18826,0
1000,0
767,0
13106,0
1884,0
12188,0
19627,0
13449,0
13811,0
17950,0
17503,0
14612,0
13110,0
1883,0
12190,0
13450,0
13096,0
17502,0
330,0
312,0
895,0
14067,0
2541,0
104,0
13109,0
1885,0
19592,0
13562,0
12951,0
7102,0
9306,0
20559,0
5290,0
8466,0
327,0
310,0
894,0
14064,0
2539,0
16230,0
3333,0
17521,0
106,0
13108,0
12658,0
13098,0
24640,0
24731,0
24641,0
24973,2
18981,0
13128,0
12953,0
12956,0
333,0
15792,0
309,0
13104,0
896,0
14062,0
2538,0
21566,0
3331,0
16988,0
107,0
12657,0
2156,0
12084,0
8809,0
12926,0
13129,0
15777,0
14215,0
9027,0
897,0
14063,0
3332,0
17411,0
2626,0
1470,0
12085,0
11458,0
14176,0
14533,0
11175,0
8952,0
12929,0
25651,555
9277,0
25663,0
24458,0
24159,11
25386,3
25385,0
26946,4
25662,1
24674,6
26549,5
25740,6
25477,26
23914,0
25650,0
14375,0
1465,0
16739,0
17528,0
14145,0
5801,0
142,0
14800,0
14823,0
27735,0
899,0
17070,0
19692,0
14562,0
14560,0
19456,0
28305,0
2628,0
1463,0
14179,0
14175,0
14534,0
11549,0
11179,0
9252,0
12928,0
1468,0
19232,0
17215,0
16788,0
25670,2
27435,2
27519,10
25387,8
25438,2
24545,0
23913,0
26435,0
25751,5
27487,0
25667,1
26387,0
24349,8
25223,7
23669,0
23667,4
24193,0
25319,0
28312,0
25627,2
26010,26
25741,1
19716,0
14146,0
1104,0
12816,0
5800,0
141,0
15088,0
14799,0
14801,0
14822,0
14218,0
1140,0
19198,0
14788,0
14228,0
19420,0
1050,0
19323,0
372,0
1071,0
2631,0
1464,0
14829,0
14178,0
14531,0
14737,0
11177,0
12477,0
14223,0
27691,0
18974,0
17539,0
19715,0
1106,0
584,0
587,0
12818,0
23363,0
73,0
758,0
24544,0
23912,4
27734,1
25789,12
26386,4
25770,12
26028,17
24577,18
26415,6
28304,0
25318,24
28314,59
24715,2
24785,3
25504,14
25510,9
25724,3
5799,0
15089,0
14796,0
27685,0
15145,0
1139,0
898,0
17670,0
17661,0
22463,0
15079,0
19307,0
14224,0
3170,0
1056,0
365,0
1072,0
1069,0
14751,0
14530,0
11178,0
14221,0
15090,0
18918,0
19601,0
19602,0
17540,0
7128,0
1107,0
929,0
14475,0
5740,0
18052,0
23306,0
71,0
27651,0
5797,0
14298,0
15143,0
1138,0
900,0
17666,0
27631,0
17660,0
26310,29
27393,1
25668,0
26703,1
27334,53
24576,0
25429,11
25192,6
23714,0
28306,15
3171,0
3173,0
1055,0
28206,0
1074,0
1075,0
14753,0
21575,0
17972,0
17970,0
7129,0
7853,0
9923,0
930,0
9918,0
9916,0
14473,0
19678,0
1135,0
13171,0
23592,0
759,0
15014,0
14119,0
17239,0
17241,0
22692,0
17375,0
1053,0
364,0
28343,0
11603,0
19540,0
21032,0
24326,9
23743,51
24663,5
24876,8
26917,2
24350,2
25739,5
26264,3
23958,0
23956,2
25725,0
24353,18
23775,3
28357,4
27650,4
23654,301
25706,2
25752,1
17313,0
7854,0
7850,0
15070,0
8112,0
472,0
18091,0
14154,0
3430,0
9919,0
9917,0
518,0
13466,0
15141,0
14471,0
5751,0
17233,0
19390,0
1137,0
13175,0
23555,0
16130,0
16333,0
27835,0
18095,0
5633,0
15018,0
14121,0
19651,0
14200,0
17680,0
17494,0
22347,0
19495,0
14509,0
1052,0
366,0
28,0
11611,0
11608,0
11604,0
28189,0
14831,0
19387,0
19224,0
15940,0
1220,0
7342,0
7727,0
15072,0
8111,0
25410,4
24199,0
27436,137
27362,61
27664,6
23653,13
24038,9
25535,11
23771,0
24575,54
28342,50
24351,4
24298,0
24198,0
24292,0
469,0
18086,0
14153,0
14150,0
1095,0
519,0
14472,0
5746,0
18117,0
17981,0
13173,0
13761,0
23582,0
18482,0
5635,0
5440,0
16622,0
18162,0
19068,0
14943,0
27942,0
14197,0
16995,0
17543,0
18971,0
17144,0
363,0
368,0
16076,0
29,0
11606,0
14832,0
19384,0
17214,0
1219,0
7728,0
7341,0
7203,0
15076,0
14230,0
14140,0
476,0
25285,9
27361,23
27047,0
24257,4
26292,2
26021,6
24630,18
26889,6
23789,5
23744,5
27834,3
26019,0
14122,0
18088,0
14155,0
14149,0
1098,0
1094,0
8756,0
7042,0
9887,0
10121,0
520,0
14691,0
5744,0
5748,0
18890,0
12811,0
17980,0
18484,0
5634,0
5437,0
16621,0
16472,0
18293,0
18488,0
19383,0
19645,0
16755,0
14379,0
207,0
26,0
14833,0
1218,0
84,0
27954,0
14206,0
220,0
880,0
14231,0
14234,0
24862,3
26261,7
24649,10
23813,0
24559,0
27046,5
27526,1
26316,6
24634,4
26715,0
24631,0
14141,0
8110,0
473,0
801,0
27750,0
14442,0
3353,0
1093,0
8754,0
9886,0
10122,0
8878,0
4951,0
8528,0
1870,0
515,0
14111,0
14371,0
5750,0
14134,0
5742,0
6366,0
20100,0
12807,0
23570,0
17063,0
5994,0
5636,0
5436,0
19255,0
20705,0
22075,0
16402,0
16754,0
17585,0
14377,0
206,0
12795,0
17483,0
418,0
17947,0
30,0
12793,0
13275,0
12798,0
17986,0
28267,0
12666,0
86,0
7015,0
24560,0
23812,0
23804,0
26220,0
24558,8
24405,4
27189,3
26166,1
25286,6
24446,9
7201,0
7637,0
14151,0
14204,0
221,0
875,0
1046,0
28256,0
8109,0
474,0
804,0
8590,0
678,0
121,0
8880,0
4953,0
8531,0
1868,0
3039,0
517,0
14110,0
5747,0
14126,0
13461,0
14131,0
12808,0
12809,0
12870,0
23529,0
17064,0
6553,0
19340,0
22658,0
17206,0
14641,0
19018,0
27953,0
27270,344
26237,9
25930,8
27187,1
24849,1
24864,7
27749,3
24593,16
23814,0
26221,0
25121,231
23909,0
19444,0
203,0
18,0
10537,0
14381,0
12792,0
17146,0
13420,0
12799,0
11449,0
7507,0
266,0
8328,0
88,0
7639,0
14156,0
656,0
218,0
28164,0
14773,0
14143,0
28293,0
7473,0
17729,0
8376,0
8587,0
677,0
8434,0
124,0
573,0
5730,0
8532,0
1979,0
18191,0
27892,0
25422,4
24655,66
23987,43
23784,46
28266,34
28258,18
24347,9
23876,6
24105,11
26318,37
24205,3
24653,0
14123,0
12871,0
6556,0
17179,0
21054,0
16374,0
14647,0
17586,0
204,0
16,0
10539,0
18021,0
13417,0
18737,0
11450,0
17853,0
17917,0
17916,0
7167,0
17804,0
87,0
2000,0
17626,0
878,0
14776,0
15198,0
14136,0
18127,0
7471,0
8375,0
8554,0
6465,0
1068,0
13091,0
1256,0
8435,0
27242,2
26250,1
27161,3
24999,3
26893,15
26238,4
26215,4
27360,68
25599,7
24283,0
23783,0
23779,49
3177,0
8542,0
5607,0
13185,0
1497,0
126,0
3465,0
5731,0
1980,0
1983,0
27950,0
18004,0
145,0
6557,0
17178,0
21324,0
14644,0
14645,0
27773,0
15,0
10540,0
13421,0
19373,0
19372,0
11451,0
19432,0
18718,0
7168,0
629,0
438,0
19409,0
1805,0
83,0
2005,0
9411,0
7178,0
14167,0
77,0
8378,0
8557,0
25250,0
24846,1
24546,2
26941,2
24837,4
27891,5
26252,16
26263,5
26855,4
24943,5
26817,15
25051,1
23937,40
6467,0
1066,0
1152,0
1253,0
3179,0
5605,0
1496,0
1490,0
12711,0
5795,0
5726,0
3467,0
6298,0
8530,0
1493,0
2744,0
21239,0
18006,0
14454,0
146,0
144,0
15987,0
10541,0
19353,0
11454,0
18979,0
22343,0
27826,0
19249,0
630,0
422,0
8212,0
1158,0
1329,0
82,0
2004,0
2189,0
9952,0
9409,0
11297,0
11121,0
12168,0
7179,0
17522,0
19617,0
27518,4
27945,18
24107,8
27516,0
26135,149
26139,4
24839,10
25117,10
27949,4
27961,3
24117,2
14293,0
14168,0
76,0
15043,0
14383,0
18133,0
1829,0
6548,0
1062,0
13798,0
1154,0
412,0
1101,0
1099,0
3175,0
8537,0
2761,0
1489,0
12713,0
5793,0
3464,0
6353,0
6299,0
1491,0
18194,0
147,0
149,0
150,0
315,0
10533,0
17384,0
27267,0
8035,0
27152,2
24259,57
24179,13
26932,5
25218,10
24085,9
27044,5
24109,3
26134,26
24583,4
25436,8
24838,2
27687,2
25430,6
24404,4
24594,8
24930,25
28403,3
24245,8
26856,22
17444,0
18876,0
22756,0
19055,0
20600,0
20872,0
17412,0
7745,0
17391,0
626,0
423,0
8371,0
8215,0
10599,0
1159,0
5655,0
935,0
1807,0
1325,0
1435,0
1431,0
10029,0
10017,0
9993,0
2188,0
9951,0
9407,0
19156,0
18548,0
12167,0
11298,0
19370,0
19407,0
14295,0
15046,0
27924,9
27825,7
26025,5
23811,90
27447,10
23803,0
27528,31
27407,9
23820,2
23799,107
26279,9
28402,5
24840,38
23857,0
27335,4
27464,6
24214,2
24273,1
27266,0
27472,4
27136,7
24548,0
18035,0
6547,0
1063,0
1155,0
413,0
1100,0
1103,0
6216,0
2261,0
5527,0
3176,0
8536,0
5667,0
2763,0
1494,0
5725,0
8981,0
15992,0
21225,0
152,0
314,0
14192,0
12964,0
13371,0
14105,0
10534,0
27820,0
22466,0
19464,0
19431,0
8370,0
10601,0
1828,0
24962,0
26193,13
26196,15
26197,4
25518,5
25437,8
27689,18
26204,4
25423,3
23808,8
23911,12
24698,7
24395,2
26692,3
19218,0
5656,0
932,0
251,0
1327,0
1434,0
1436,0
1432,0
11735,0
10485,0
10018,0
10030,0
9994,0
9996,0
10303,0
2206,0
9949,0
9408,0
20154,0
17623,0
27930,0
8551,0
8393,0
11367,0
8548,0
10034,0
12551,0
19206,0
19803,0
14166,0
15049,0
15045,0
14306,0
27449,0
23802,3
24235,11
24462,0
23821,0
24238,6
23798,3
26675,7
26910,1
24281,18
24099,0
23856,0
23874,14
24118,14
23826,74
27005,3
27268,4
3403,0
18047,0
18034,0
1456,0
12709,0
415,0
2556,0
5528,0
9223,0
2728,0
13734,0
6477,0
2265,0
15991,0
14193,0
12965,0
10535,0
12393,0
17993,0
13231,0
13148,0
19611,0
19379,0
27859,0
10467,0
10758,0
27679,0
10602,0
10468,0
5657,0
14247,0
14589,0
23910,4
24374,0
25426,2
25425,5
25460,2
24808,2
26217,7
25424,1
25247,5
24847,10
26943,3
27322,0
25219,17
24249,0
26859,36
27033,0
1211,0
937,0
8144,0
752,0
253,0
14413,0
17914,0
675,0
12888,0
7435,0
1429,0
1437,0
1433,0
10484,0
10010,0
10033,0
10189,0
10242,0
9997,0
10300,0
22831,0
20005,0
16270,0
22157,0
27899,0
17256,0
8550,0
8552,0
8392,0
11364,0
4265,0
12860,0
12418,0
13609,0
28303,0
17474,0
20380,0
27810,3
23801,0
23824,25
26901,5
26676,313
24391,0
24841,0
26283,3
27929,6
24098,0
24079,0
24316,13
23839,13
15047,0
14524,0
14109,0
14305,0
1836,0
3404,0
19040,0
5723,0
1064,0
1457,0
1460,0
410,0
2768,0
2772,0
9226,0
8983,0
8540,0
8982,0
2586,0
10631,0
6481,0
6378,0
2266,0
20164,0
14194,0
12967,0
10536,0
12394,0
12422,0
12828,0
10530,0
33170,0
33117,0
30642,0
31258,0
30535,0
33266,0
33162,1053
33719,0
30506,0
31637,10902
32833,14313
30550,11537
30634,0
32170,100000
32618,19444
30809,24289
33691,0
33748,0
33755,0
33766,0
33769,0
33779,0
33808,0
33809,29435
33810,4236
33811,0
33813,0
33814,0
33816,0
33817,0
33818,0
