1.500022650918658584e+01 6.143341194446670528e+01
5.330228000006353994e+00 5.216902743576476809e+01
1.415840506159226919e+01 4.758712955629451358e+01
1.718597517627622473e+00 4.677365176526232204e+01
1.913433317871777817e+01 5.187840778748462611e+01
8.190205841000011588e+00 4.676623667699897879e+01
1.083490805011791203e+01 5.169244975829978728e+01
9.348121456000139773e+00 5.623445518800018306e+01
1.547499799265845155e+01 4.987102379619906145e+01
7.951797922314144174e+00 5.098375508789430199e+01
9.186337803799622392e+00 4.782188884404329343e+01
1.158062319309556010e+01 4.815774293780268778e+01
1.369239867228130336e+01 5.104905859761278464e+01
6.366767532713813793e+00 4.994668617193647009e+01
9.452722702926774190e+00 5.241693826226453723e+01
1.337732957192417338e+01 5.251297177481572476e+01
8.451099689631902834e+00 4.949365840737269906e+01
6.725992600718998737e+00 5.152068903551990076e+01
1.175288583632110040e+01 5.009139589183348562e+01
9.754886245012430734e+00 4.768564784688355473e+01
1.004464436066286304e+01 5.354099536250506475e+01
8.196028263653754919e+00 5.273729211569389008e+01
9.843445495459295813e+00 4.928716941692749742e+01
1.230230287760655017e+01 5.075362969196722673e+01
7.997641749853411142e+00 4.761431593542853591e+01
9.609489490240253673e+00 5.062248423010149878e+01
9.115295050784371966e+00 4.880714845409055158e+01
8.716862833050134540e+00 5.013176438356486386e+01
7.262487612598041764e+00 5.122993047171608794e+01
1.268777702578979216e+01 4.811869811211026615e+01
8.529227767244309533e+00 5.155529906160194287e+01
1.184711186277345973e+01 5.303362514532279448e+01
7.033496311909484433e+00 4.995843210406223989e+01
6.967168235243303087e+00 4.932057898306747035e+01
1.288544441203798030e+01 5.058474168902260715e+01
9.442240769349883323e+00 5.372473041078913525e+01
1.227434252380340673e+01 5.399346820116420531e+01
8.229336704456981622e+00 4.889789960020905113e+01
1.079157930570246826e+01 4.988478450061570868e+01
7.392523254299910640e+00 5.216406161179515522e+01
1.144367378126334067e+01 4.877594520643221188e+01
1.020831709428835410e+01 4.819837540414844312e+01
1.218286318632833698e+01 4.874281144721165759e+01
1.448900604213396726e+01 5.142868103069429253e+01
1.345428403043203147e+01 5.394694231683035923e+01
9.511506040781309679e+00 5.134474308945781473e+01
7.393712792350072505e+00 5.322269124326125933e+01
7.049897198524785580e+00 5.080450434684551908e+01
7.636500177446616355e+00 5.149057159286449803e+01
8.875242928360584926e+00 5.304778928469170296e+01
1.108486390367332675e+01 4.943254585441076188e+01
1.223213325605553159e+01 5.146390970115197661e+01
6.846719146559884450e+00 5.111166985372379656e+01
9.861017572753370430e+00 5.238767670574168989e+01
1.123044774749048358e+01 4.764359849077163744e+01
1.102552122770024923e+01 5.101984922692712843e+01
1.091159068297134382e+01 5.384050751003898228e+01
6.281274136562084109e+00 5.081102836446840598e+01
1.064591120452337769e+01 5.307664797985809457e+01
9.357605822370871351e+00 4.985052284843917647e+01
8.656157830626378669e+00 4.908619246325194041e+01
8.533249691732086362e+00 4.812336519071457985e+01
1.101135074706644801e+01 5.047310174050877407e+01
8.223698618138280736e+00 4.998810532740181145e+01
9.022755413756772924e+00 5.113003094111549274e+01
1.029699403779262035e+01 4.761162127200648087e+01
1.066078963432821247e+01 5.234132915132560981e+01
8.006764068674241841e+00 5.223218036244986706e+01
7.867466565548870250e+00 4.824562123898513732e+01
6.134159512997454655e+00 4.975208495566194955e+01
1.339787958539253765e+01 4.857340104290629057e+01
9.220839804064485890e+00 5.460265919871180529e+01
1.007919049801041744e+01 5.424870140255862339e+01
8.831061683916923144e+00 5.211410206271280288e+01
9.619290146152797760e+00 4.878170496246573862e+01
9.821683127653404455e+00 4.830237429864236276e+01
1.206594845982322894e+01 4.789992915229959181e+01
1.153680862936670692e+01 5.076059407367652909e+01
1.087582212842104212e+01 4.835168284034867270e+01
1.029416915949197175e+01 4.883094668529732019e+01
1.430207432137613921e+01 5.248593099024327557e+01
1.213829674515648449e+01 4.951960570531007733e+01
1.266382847417166957e+01 5.248359471429587586e+01
1.374168480664127578e+01 5.169177629594948797e+01
7.547107804264938657e+00 4.941686437133494536e+01
1.003044573049680288e+01 5.178791591619334866e+01
1.031348223254048158e+01 5.090642193394937465e+01
8.849862954773552559e+00 4.845303077143266535e+01
1.008375415673008035e+01 4.992532199423477834e+01
1.161359064712315359e+01 5.205134788357049302e+01
9.301567287378581739e+00 4.856960817570420375e+01
7.096842186912385664e+00 5.152942434358075019e+01
8.293850393766719620e+00 5.337545347834702625e+01
9.203922284584352909e+00 4.919694448713893564e+01
6.393886915431789220e+00 5.132454516440503767e+01
8.260654635783028610e+00 5.061502416298666418e+01
8.348343866554079895e+00 5.195424557356346185e+01
1.300741979388724801e+01 5.119682162945075987e+01
1.277636325363907588e+01 4.890858102713723099e+01
7.546157204013979936e+00 5.040941467529984266e+01
