1.254494931146269465e+01 4.789470923914051070e+01
1.718597517623515536e+00 4.677365176525919566e+01
1.500022650918585043e+01 6.143341194445203257e+01
6.947596361644134078e+00 5.102119808594802208e+01
1.913433317870682515e+01 5.187840778748434190e+01
8.190205841000102183e+00 4.676623667700042120e+01
1.547499799265560227e+01 4.987102379619912540e+01
1.077127719249961046e+01 5.243545689862936143e+01
9.725719678236414367e+00 4.910379865728797455e+01
1.080860750765131861e+01 5.405544762685745042e+01
1.445478885560467219e+01 5.155135924240997980e+01
5.330228000005390321e+00 5.216902743576594048e+01
9.348121455999933715e+00 5.623445518800010490e+01
1.415840506158866674e+01 4.758712955629592756e+01
8.593421999459268434e+00 5.206828954305422030e+01
8.659544992779377282e+00 4.961840603700812835e+01
1.200097727308527951e+01 5.149098585058658983e+01
1.126527146042317362e+01 4.750304828189632644e+01
1.323616709700241501e+01 5.254767655614158883e+01
1.075340075022892350e+01 4.875266273313302889e+01
6.621727906599099711e+00 4.954440111269050817e+01
7.199427443217579992e+00 5.336920743779954535e+01
7.955879393129920985e+00 5.167616824302531597e+01
8.615376559001237666e+00 5.358154362003008231e+01
9.151073691698076829e+00 4.870317961061368095e+01
1.099620558516143554e+01 5.049722113101847043e+01
9.956209961360640293e+00 5.360904182159903542e+01
9.552829867766995164e+00 5.238932674757307950e+01
1.287842849990841643e+01 5.052924028568168069e+01
7.817124497266831007e+00 4.832955551257566640e+01
1.162870438387425409e+01 4.816085658778263223e+01
9.648178720909548645e+00 4.760516299314369348e+01
7.296339311469193234e+00 5.248934364475501724e+01
1.229812296790851889e+01 4.859994681225192892e+01
9.506908504440238161e+00 5.127448573377260033e+01
1.217502220985529249e+01 5.410251884696770475e+01
1.107145369894637810e+01 4.942174935147077264e+01
6.458385830070948685e+00 5.124094970584575748e+01
7.922280640222719938e+00 5.103478137703147155e+01
8.564516447106321095e+00 5.013753289790871293e+01
8.496808585387510604e+00 4.904642293885603976e+01
1.018675647566073827e+01 4.999037089668204459e+01
7.397458731906870533e+00 5.145563653356671097e+01
6.736358310134907157e+00 5.149982266645596241e+01
9.336054530243364624e+00 5.387020800537198539e+01
1.296096088504733146e+01 5.427622185427565427e+01
1.328261678458235373e+01 5.087288480648561517e+01
1.159246756271516432e+01 4.876327970932182154e+01
7.689101616106760240e+00 4.921453220927883621e+01
1.223906516983681314e+01 4.960000819854401044e+01
8.470554126328122990e+00 4.838484104394891006e+01
6.133266749986851174e+00 4.975290147194733237e+01
9.179878515333241396e+00 4.903368191189317571e+01
1.003165126709342836e+01 4.773162260938057955e+01
1.327350843756456555e+01 4.837090247570638724e+01
8.696537640052333984e+00 5.309058616321536306e+01
1.188214974512078115e+01 5.266080518121994913e+01
1.041127076065217771e+01 5.210590438225983689e+01
7.203179123207613443e+00 5.020976323764256932e+01
1.039473648747878443e+01 4.851037903868224532e+01
1.233738597364985168e+01 5.119267019295195098e+01
6.667643402729232172e+00 5.098533702436250792e+01
9.007317508377182591e+00 5.236177671861877769e+01
6.303104337795828016e+00 5.082602149959440396e+01
8.413207899887117591e+00 4.798640733605888187e+01
7.944615943515279000e+00 4.759986657260275678e+01
1.104322662856119130e+01 5.140957673746828505e+01
9.440366525652514440e+00 5.474414339051034517e+01
1.422837501285713557e+01 5.310103146623917780e+01
8.402320862727432171e+00 4.952805040810218884e+01
1.141463198636106746e+01 5.065342392038963482e+01
9.120058311001834284e+00 4.987267421580741456e+01
9.398174006360056509e+00 5.202291946207526507e+01
9.056231867068381902e+00 5.119132947464375150e+01
6.977925169578729658e+00 5.147358852694404163e+01
1.443350585724052770e+01 5.188014272941196481e+01
8.022209395916526375e+00 5.227191853171463976e+01
8.825066767500722165e+00 5.071193107779453868e+01
8.067658662285072779e+00 5.044919007306843639e+01
1.046785726857461896e+01 5.139910291724743274e+01
9.907792197241027665e+00 5.085682197394688586e+01
7.689837043015227636e+00 5.166140387354061403e+01
1.024781400876923954e+01 4.757401841573900469e+01
1.014736021008312328e+01 5.431040719767197800e+01
9.914495812595928825e+00 5.191176763711459330e+01
7.020930569741970828e+00 4.929244935729077071e+01
1.370644682997754060e+01 5.106854110030349148e+01
1.168066953952794940e+01 5.041578480412706398e+01
1.260227092613320110e+01 5.363327919549375622e+01
9.564309172047670060e+00 4.858022384214969236e+01
1.008663403976250095e+01 5.259730754706933453e+01
7.880756131433685141e+00 5.308197760024719969e+01
1.168042753589524452e+01 5.192502884500839855e+01
1.298122896982284935e+01 4.883576336504962967e+01
1.228927831597782117e+01 5.162284693552088299e+01
1.141512035439863482e+01 5.365519201255500548e+01
1.183142541170639639e+01 4.844432555989344991e+01
6.787407351612205986e+00 5.118181014298581033e+01
1.050039622314935173e+01 5.335086707835775854e+01
7.979599289214745816e+00 4.990795368986616154e+01
1.217660627445533805e+01 4.811902509217594570e+01
1.075197384932706690e+01 4.816966301354648294e+01
8.433562864072790433e+00 4.925348734394489014e+01
8.396039521067415023e+00 4.998197965812619259e+01
8.666049516934762664e+00 5.141606208913885467e+01
7.071642901618632848e+00 5.070051091269877475e+01
8.083794480759548762e+00 4.871560387877151044e+01
7.553240613835479067e+00 5.038033302230273591e+01
1.349440156216099140e+01 5.248819983959239721e+01
1.214526536294529535e+01 4.899099613356980143e+01
8.126339216581543567e+00 5.354161645907743861e+01
1.068473017672419623e+01 5.095050121229727580e+01
8.768652846069036499e+00 5.013079740217264657e+01
1.277031627202959996e+01 4.818930415603342965e+01
1.302017723036228425e+01 5.169314117256739394e+01
1.249785216065007454e+01 5.074486418089041706e+01
9.343179183086919082e+00 4.772700069365300379e+01
7.447411053694286132e+00 5.220011313542305942e+01
8.061562945801307833e+00 5.083178992630896431e+01
9.183543797334152714e+00 5.290205044628019238e+01
1.324130559409271513e+01 5.356276892571598580e+01
1.205674446959787005e+01 5.092739507628538576e+01
1.395127026307571327e+01 5.148642639968518608e+01
8.785709815722331228e+00 4.855113053354596531e+01
1.096775591250592896e+01 4.985903706025640503e+01
8.176304393843151885e+00 5.271714023150808970e+01
7.725989085498680353e+00 5.131286698295565429e+01
9.083326564286505089e+00 4.816845443993641140e+01
7.192616697320247887e+00 5.122922170630030791e+01
1.002880742342322584e+01 4.837401274786473948e+01
7.046428964239582982e+00 5.165547738876882278e+01
1.066775675481232533e+01 4.770118649038715830e+01
1.366245773752756421e+01 5.412839909559987461e+01
8.411469659886327221e+00 5.191669355320981794e+01
1.429892542154050972e+01 5.115651631771151386e+01
6.850766599847768923e+00 5.085926828197193572e+01
1.010169098715674352e+01 5.231663528185398349e+01
1.454759119542967483e+01 5.224453436690478014e+01
9.884325593314516212e+00 4.984015746935396152e+01
8.474230816536774569e+00 5.320648961432880242e+01
1.028195009579123642e+01 5.092691830779402551e+01
6.314294452706657346e+00 4.997345744620492525e+01
9.787585178049951651e+00 5.239893023197951294e+01
1.053522320360760745e+01 4.923731895320904783e+01
1.183238380709823190e+01 4.951669654620373251e+01
1.026819452548269851e+01 5.345753781172517449e+01
6.671733267962883573e+00 5.158961639094878393e+01
6.777373955824401719e+00 4.930492857419864805e+01
1.451359060766672471e+01 5.141350814888138387e+01
1.332732199126145289e+01 5.222818234341247035e+01
1.288568821592484781e+01 5.083540756786324266e+01
8.239039450488014893e+00 4.763180517866829433e+01
6.734717261182623815e+00 4.982594673813524366e+01
9.188121071478722257e+00 4.886521141248834965e+01
1.355965069494026309e+01 4.872382231439593880e+01
1.261218065704571600e+01 5.197060847970580255e+01
1.150811861446788242e+01 5.093305424812626825e+01
8.905669332593722842e+00 5.217928281818515046e+01
1.223810224476550168e+01 5.051279918258181567e+01
1.016697156530669943e+01 4.878042687754879836e+01
8.321913048036016392e+00 4.901618488433945231e+01
8.506072496099131186e+00 4.944839602404171330e+01
7.127845832211697541e+00 4.940080727561785068e+01
9.913951781502911231e+00 5.155898071939566307e+01
7.736502666133621808e+00 5.229533569822435624e+01
1.164315723235029054e+01 5.218549582687743538e+01
7.041890653792562738e+00 5.208858812374992908e+01
1.118713147334424995e+01 5.025415161907135797e+01
1.157201151273411099e+01 4.778154582972479147e+01
1.308768226616802721e+01 5.287437308832336669e+01
6.271143237049942698e+00 5.170818914295061575e+01
9.740067283689969102e+00 5.365426741533566712e+01
1.116827214883762132e+01 5.184974568460887667e+01
9.579957859577591606e+00 4.979000514072655648e+01
1.102753719552698897e+01 5.097943383964896924e+01
7.731529580485990039e+00 4.946821830051584357e+01
9.711839392489698852e+00 5.431498542585269007e+01
1.360637820969956024e+01 5.264305517046457084e+01
1.100005951212749444e+01 5.220244479836141949e+01
1.063950048881497246e+01 4.996533835300483162e+01
8.406066419361938102e+00 5.056683308240990016e+01
9.733566346900685673e+00 4.824143816767662685e+01
7.642750494774722902e+00 4.767956460512359484e+01
1.121346913547475133e+01 4.806170951967173721e+01
9.118785289201413846e+00 5.256924445533665846e+01
1.345220468099537925e+01 5.131298548890360678e+01
8.425323272632605054e+00 5.089638392433053582e+01
8.820400053369173321e+00 5.477357651010301254e+01
1.156043242342883026e+01 4.998855165621962016e+01
9.689858358210276634e+00 5.052964819860758183e+01
8.702943841571624262e+00 4.893057359399704609e+01
9.382069597802718874e+00 4.873137013174356724e+01
1.273846858967662499e+01 4.921624249666322726e+01
1.046240258386874089e+01 5.051964530474162984e+01
1.020937037354737598e+01 4.799574476219954278e+01
1.215016826583488907e+01 4.782203989277844158e+01
1.191897814161231928e+01 5.025252734793219389e+01
8.971375630243279886e+00 4.876980660122744382e+01
1.208532998310076323e+01 5.321175802290386514e+01
7.977157261064947491e+00 4.847053876232848779e+01
9.055874761420492192e+00 5.426003316652342079e+01
7.608027680749454902e+00 5.067064725998202590e+01
1.249009591133144959e+01 5.245510921392942549e+01
8.671502013396498398e+00 4.807625086321505137e+01
8.518536999238731866e+00 5.241813399758171244e+01
1.331837914679325507e+01 5.405079918737214939e+01
8.684522380610554038e+00 5.172294944931430649e+01
1.147654653218700460e+01 4.874419155289040617e+01
1.095862983619596243e+01 4.955829315160278981e+01
1.082079289757454177e+01 5.179180552661860304e+01
1.111652388547796733e+01 4.884310884679721454e+01
7.615581513032467775e+00 5.195675491938731483e+01
1.242243022300977096e+01 5.137865771575397389e+01
9.142909893242151753e+00 4.916314311038190965e+01
9.806339294397185213e+00 4.765756893801213323e+01
6.553583079329709626e+00 5.069173874247130129e+01
9.340769430728748546e+00 5.070436385385682598e+01
7.233205767194872848e+00 4.980152050318739754e+01
8.866901841532042639e+00 5.307038737622933411e+01
8.147885458768875822e+00 4.926533909296643543e+01
1.187285456481794554e+01 5.139980559452995834e+01
1.092040127209330436e+01 4.838315428269768859e+01
1.000945967682483939e+01 5.403605110519909971e+01
1.052627402971960535e+01 5.229244194537608337e+01
1.135387071933072356e+01 5.241273922151945186e+01
9.636979717998801931e+00 5.302324572356741328e+01
9.620044085917497156e+00 4.790812690451016920e+01
1.054645410154439311e+01 5.382186968204645439e+01
1.220848096381237013e+01 5.183371251943942326e+01
9.066547023068196154e+00 5.190688609336456949e+01
1.022272288239574323e+01 5.295715152466389952e+01
7.419978409514044415e+00 5.296763348144570926e+01
6.700301609344014864e+00 5.137399831396767524e+01
1.479867693346268531e+01 5.108363811147628297e+01
7.276084451138814302e+00 5.067862597008990377e+01
9.176192294658205739e+00 5.026200418628186384e+01
8.310015019921143775e+00 5.154845523369616700e+01
1.386942907189567720e+01 5.100896431048752078e+01
8.740211587874297194e+00 5.042195707040075803e+01
8.214777143865701348e+00 5.313245754872740179e+01
7.436984878911420793e+00 5.162290786427058720e+01
1.147505723683723389e+01 4.814909800254059746e+01
1.397405342642517923e+01 5.245630511911213745e+01
7.159903902939360520e+00 5.150806531145869371e+01
8.856631743851730576e+00 4.828544581464585406e+01
1.303031178168499338e+01 5.241022661426542584e+01
1.111843467029576260e+01 5.295591998526637667e+01
1.091083184456053168e+01 4.781369595040712284e+01
9.925022719275487404e+00 5.348512358952869761e+01
1.173060305568553829e+01 4.907079194306276548e+01
1.059076419978074846e+01 5.301373180878676550e+01
8.047401289876070507e+00 5.141768966706133170e+01
9.749992162898589498e+00 4.874227724220332192e+01
1.138554966368930721e+01 4.919108594287028069e+01
1.024036945106139029e+01 5.164335502565898395e+01
8.952297103606747797e+00 5.008405491365503082e+01
6.606024089691080015e+00 5.103815362934525979e+01
1.004479622610539735e+01 4.923333480183707422e+01
1.215642988472829344e+01 4.997949093720145441e+01
7.051742862707921056e+00 5.087352480829170531e+01
9.484866880979691217e+00 5.360871868644956351e+01
8.237134468596840620e+00 5.209616356071982324e+01
8.901099676383974924e+00 4.782169321486215807e+01
9.169648457174606193e+00 5.347511101646801990e+01
7.811219190359749653e+00 4.801964062056935489e+01
8.064460232748547952e+00 5.187698033165239053e+01
1.254218868165706269e+01 4.822115399608077269e+01
1.186934823592534194e+01 4.782800222571570004e+01
9.236289551433484846e+00 5.156227904113457328e+01
1.375379650946736909e+01 5.338143820280983931e+01
7.705250615586090035e+00 4.989804021200822604e+01
7.265848918139889534e+00 4.934656832081726918e+01
1.166574168411685797e+01 5.172547825773257557e+01
8.622221502382341640e+00 4.986696521864617893e+01
8.269984214475602613e+00 4.881274267198259054e+01
8.120589416766534896e+00 4.962824077281873514e+01
8.235525210068647795e+00 5.003734433360956757e+01
1.332783653194861984e+01 5.251390241782188895e+01
1.290337026652433750e+01 4.775259034041269501e+01
8.720147651213261852e+00 4.935087140776959558e+01
6.139983835363421960e+00 5.084373283836533375e+01
9.515745395666231232e+00 4.933955965262913423e+01
6.711629327935924039e+00 5.027815028962724142e+01
9.202957043973638562e+00 4.848703014973324343e+01
1.288873164258646398e+01 5.118529750170375792e+01
1.387399240200089423e+01 5.183728314142483384e+01
7.550788809531217893e+00 5.101643646233889484e+01
6.998261616795709017e+00 5.124304741625851278e+01
1.339469741511231859e+01 4.859442447408238763e+01
1.199288141038396738e+01 5.126096340491697845e+01
6.251994181728552036e+00 5.119954090984569461e+01
1.013009044571098372e+01 5.357411537307897476e+01
7.525549652305831394e+00 5.139732220439219645e+01
9.894129127054620554e+00 5.217259634036270199e+01
1.011961331048781609e+01 4.970708620808580491e+01
1.184583599148161071e+01 5.060737688288451608e+01
1.266950624383678559e+01 4.875499886348836043e+01
1.132230329446965911e+01 4.944551954436855823e+01
1.214746523579842474e+01 4.928902589227696751e+01
7.529562363655973201e+00 5.339990173496632764e+01
