1.415840506159226919e+01 4.758712955629451358e+01
1.718597517627622473e+00 4.677365176526232204e+01
1.500022650918658584e+01 6.143341194446670528e+01
9.050276885435014407e+00 5.116744676815783066e+01
1.913433317871777817e+01 5.187840778748462611e+01
8.190205841000011588e+00 4.676623667699897879e+01
5.330228000006353994e+00 5.216902743576476809e+01
9.348121456000139773e+00 5.623445518800018306e+01
1.547499799265845155e+01 4.987102379619906145e+01
1.188170361053887447e+01 5.028344255797783546e+01
9.198677391364498135e+00 4.848561735769963832e+01
7.089626306395985900e+00 5.091046457241303358e+01
1.008658995556053917e+01 5.356749235297373701e+01
1.345371466880378009e+01 5.252176154311342060e+01
1.144179444248410427e+01 4.776986870160907017e+01
7.596917283377602637e+00 5.196681070644535083e+01
6.133266749986855615e+00 4.975290147194731105e+01
8.428041004818195958e+00 4.999478824912942088e+01
1.056065713579317844e+01 5.002128873980728940e+01
9.159199430738457437e+00 5.261627385160929293e+01
1.276337313031371146e+01 4.869803684436626412e+01
1.171999015934322230e+01 5.188254833481574479e+01
1.068243615915724298e+01 4.828054728146004493e+01
8.239903522227615795e+00 4.764810335727696611e+01
1.288238973890128491e+01 5.052410661600725206e+01
1.023291038839409417e+01 5.166753655048903227e+01
8.133195740828373488e+00 4.881357096238228621e+01
1.109061782394887352e+01 4.942287509863792394e+01
1.417715617123814198e+01 5.114935349699581479e+01
1.209551747001108168e+01 5.410757073439599196e+01
9.798137181844129628e+00 4.764656938075185622e+01
7.566649948119369640e+00 5.098320847531061162e+01
7.964315448134742681e+00 5.293595455358843083e+01
6.832838202633638502e+00 5.151484980318021201e+01
7.103943275891598574e+00 4.934032668328732996e+01
9.962898801085637857e+00 5.404552641917607048e+01
8.176415986226018617e+00 5.197272973868653168e+01
9.576645494682800575e+00 4.982813906725137798e+01
1.100471509434533957e+01 5.051391225983431355e+01
1.153981514876784154e+01 4.812974726719667018e+01
1.368246922210977345e+01 5.407133532417189770e+01
1.237479062294180743e+01 5.136696262419964398e+01
1.081922795317283992e+01 5.245370337262066585e+01
9.442119580048490946e+00 4.887548852883903550e+01
9.734457874746931694e+00 5.237089743485324789e+01
1.210365285663439749e+01 4.899698155864911087e+01
8.671324165514151971e+00 4.935468332870068764e+01
6.431038114129544070e+00 5.060293294414918108e+01
1.213998736095623521e+01 4.784888081916995617e+01
9.759228529972615362e+00 5.082909822811564737e+01
7.833974829975241860e+00 4.803021672542982401e+01
7.617352755467248215e+00 5.008564572779879853e+01
1.002749269319533632e+01 4.837717010545406993e+01
8.277717980113093788e+00 5.069907562777169829e+01
9.419190598906912015e+00 5.473605409419555201e+01
8.632422563458536757e+00 5.217782815498932791e+01
7.311886400440182676e+00 5.129583343441967003e+01
1.023338297570524702e+01 4.755666505719017323e+01
1.204968905053999606e+01 5.281448329690500287e+01
1.107173376435408940e+01 5.353080705745698964e+01
1.281320733953745616e+01 4.823180133517927715e+01
1.305637847067698232e+01 5.113805668952707606e+01
1.433515083147140246e+01 5.152834188571451079e+01
8.555316203393624974e+00 5.348345822359804913e+01
1.167205739088235106e+01 5.128472500196499340e+01
9.014083537265795698e+00 5.014349412802413042e+01
7.543997378625865835e+00 5.346025242998966576e+01
1.343292137172891643e+01 4.857441649624056623e+01
8.582309237067889285e+00 4.804425764386169107e+01
9.476604488669101656e+00 5.129296220137580065e+01
6.508356255281062097e+00 5.135267638522793732e+01
8.871960228355209921e+00 5.306730555173755448e+01
7.954752399659388296e+00 4.760165955521242864e+01
6.977547207575696575e+00 5.251944347498047705e+01
7.030651578299957905e+00 4.993507538516739430e+01
1.143940236542267108e+01 4.876030772426058491e+01
1.464478913878053490e+01 5.209619190485131668e+01
1.184314299603156861e+01 4.951963253989380576e+01
1.369223639331323739e+01 5.105781334546382055e+01
9.712584044090805335e+00 5.372485961328715831e+01
1.080427048462591166e+01 5.145183850353475208e+01
8.177865844370280968e+00 4.946088701329264836e+01
1.142265949592966834e+01 5.065768087975400391e+01
1.218154185642785592e+01 4.857549406260660874e+01
8.868612935669808905e+00 4.901951728912716533e+01
1.301942919990872483e+01 5.242573021703311298e+01
7.231695872490030652e+00 5.161419756973801753e+01
1.014831242817958312e+01 4.886964775806687555e+01
8.001354689305411938e+00 5.089133102621583760e+01
1.077100324134521969e+01 5.397393722986913644e+01
9.382194735868850444e+00 4.772060829253940284e+01
8.815110750870442047e+00 5.142280441172506045e+01
8.018855791742250716e+00 5.145716159287540137e+01
7.960696699468028825e+00 4.986464823798759483e+01
1.247692689560239998e+01 5.077759543885974836e+01
6.660394824899648292e+00 4.977254235059915288e+01
1.054405217726675126e+01 4.921293791013978591e+01
6.700113338482673875e+00 5.121314494245522297e+01
6.159401247157823889e+00 5.082798341658208585e+01
1.332848959248623721e+01 5.403193118435124376e+01
8.695672612551163638e+00 5.056083716838043784e+01
1.420412804756141156e+01 5.308025550674948789e+01
8.785757972133392713e+00 4.855103840131429394e+01
7.489900347549760973e+00 5.139092198034867920e+01
9.087098799519703007e+00 4.903656125969430235e+01
6.381984468198444560e+00 5.019291941036131277e+01
1.086977579462847032e+01 4.777452207758381775e+01
9.900438857079162602e+00 4.982794158259660833e+01
1.068538959238426678e+01 5.094932755117534384e+01
9.163159161516807316e+00 4.883995174975316900e+01
8.013412608592808795e+00 4.855303659022896312e+01
8.768162795995507963e+00 5.018004476242020928e+01
8.025519381823988496e+00 5.224140845340679817e+01
1.052830992312500236e+01 5.231090330409908518e+01
7.745033965852863744e+00 4.948783444036427426e+01
8.431939871995840718e+00 4.949822565337525759e+01
1.217422029111332904e+01 4.975471447487874599e+01
1.222919500962035144e+01 5.176649889528765414e+01
9.907847640464137129e+00 5.189597681377863125e+01
1.480707153925722075e+01 5.105429800831892351e+01
1.099742576477630784e+01 5.177498212107830255e+01
1.156016542369056843e+01 4.998859330585977290e+01
6.745712485900001276e+00 4.935063193967459227e+01
1.370156010743353647e+01 5.158233388902070260e+01
1.014914365656053619e+01 4.804415637148969154e+01
1.199481135753728012e+01 5.148293716335327730e+01
9.432672587841693712e+00 5.176484008496495193e+01
1.248205034798043123e+01 5.246778855785971274e+01
9.916950148244005447e+00 5.158125662249248222e+01
1.275187411142078986e+01 5.370382781983314402e+01
9.701343385878375969e+00 5.292184033345947825e+01
8.368886798651598014e+00 4.900657754891403783e+01
1.359764562172775371e+01 5.323931275294722809e+01
1.163409024292631244e+01 5.216758956292555638e+01
6.576742504777373100e+00 5.180088038888604984e+01
1.024692746105094443e+01 5.035742786938777726e+01
8.574364419054109732e+00 5.200612723588570674e+01
9.756169911675362627e+00 4.801296688262936385e+01
8.067298744608942584e+00 5.044925431137338734e+01
1.007822840723862967e+01 5.259399763370151959e+01
6.872291646688088562e+00 5.112191977400092924e+01
8.337802266957535124e+00 5.159535797723404471e+01
9.698069659967442746e+00 5.051176764654334761e+01
1.086608923325483289e+01 4.867694000176096125e+01
8.937585808688581324e+00 5.474305838582294825e+01
9.752038745042010959e+00 4.874326525919700970e+01
9.125359847646652867e+00 5.404317898191275304e+01
9.489542573544342829e+00 4.929209046601270927e+01
1.256805793479902178e+01 4.792455734025293168e+01
6.210248496669215967e+00 5.173257518987782788e+01
7.427288447169945407e+00 5.224717498518757708e+01
1.135376307350698966e+01 5.097405331604088730e+01
1.178665539101955773e+01 5.352837347330171269e+01
9.941810105340440629e+00 5.348178680429683141e+01
8.898442311621165501e+00 4.778961248983135590e+01
7.635464386246678892e+00 5.295267236354433038e+01
1.195956592572143329e+01 5.124882432250110753e+01
7.737053596138732559e+00 4.759715133848413160e+01
1.095430388479891448e+01 4.945796960825187227e+01
8.290462619467859895e+00 5.275050376727926960e+01
7.088981953017265525e+00 5.129131217483435279e+01
9.147001445304749012e+00 5.225402716525433533e+01
6.308336443086363765e+00 4.996525021679047285e+01
9.132038026414948106e+00 4.994385305458661151e+01
7.242210061478591143e+00 5.080212367581882660e+01
1.223827592399403486e+01 5.051108735884643153e+01
7.002101811895297345e+00 5.147588384239923442e+01
1.189055943011207539e+01 4.825121414813281007e+01
9.034334033880300652e+00 4.821377691345851701e+01
1.015062023611105957e+01 5.431771327863474852e+01
1.291030110105669948e+01 4.775861847212127032e+01
1.036297055803091993e+01 5.293712075329008115e+01
1.274144277924343882e+01 4.921348891250872981e+01
1.324451968809744429e+01 5.257901224199952139e+01
8.599255583264294955e+00 4.985195640042240939e+01
1.092295495093184243e+01 4.992012385586267698e+01
1.007801623999965734e+01 5.081871858431687627e+01
1.125499651191153205e+01 4.750838964561602040e+01
9.071740889004583863e+00 5.189851791447457430e+01
9.482759621825316287e+00 5.233566164926781994e+01
9.940911185543988893e+00 5.361744265760678729e+01
8.239177980478665120e+00 5.003288882239943547e+01
1.354362302279805164e+01 5.234282545981654522e+01
1.038434885491720649e+01 5.346023421406191289e+01
9.743001300044838331e+00 4.829825976595668635e+01
7.086726886021764038e+00 5.215331726565388948e+01
1.285019830635090088e+01 5.082506115495667132e+01
7.645132477532765591e+00 4.925719509869158941e+01
1.101529426530332856e+01 5.096987203559544355e+01
1.018005827009481834e+01 4.972184059546241741e+01
7.977371527897953563e+00 5.331783585771404432e+01
7.709907733499115068e+00 5.164682733540724513e+01
1.144132605560240457e+01 5.390178245037454019e+01
9.165954414720356880e+00 5.347699770632550553e+01
1.057049538521057563e+01 5.058141221515914054e+01
8.451756236028183267e+00 5.089075452902380192e+01
1.123118881203211572e+01 4.817588074945601306e+01
1.100521640701797033e+01 5.024813217165235102e+01
1.090565738304375287e+01 4.836579664998870243e+01
6.756178901784803514e+00 5.071503475074563028e+01
7.755117336749949075e+00 5.142852177898135579e+01
1.131868594268763673e+01 4.941972305148514977e+01
1.136186633187433159e+01 5.259944500706797754e+01
6.627151917853284502e+00 5.098731016472311950e+01
8.450812652807783820e+00 5.052171393347458661e+01
6.707944731651813264e+00 5.142896888861788085e+01
1.031876249376307086e+01 5.389252399808935934e+01
9.357465317062709786e+00 4.865887022379452986e+01
8.528485090539025038e+00 4.834475844547862522e+01
7.818098412311848655e+00 4.833100211322427953e+01
1.270123567287193467e+01 5.213203378893372530e+01
1.288611998107669798e+01 5.302592310470633663e+01
1.038150009745364599e+01 5.133187387717276806e+01
6.887513188891437821e+00 5.193126754625863839e+01
8.561443166494582258e+00 5.014640634912818484e+01
1.176000774350374201e+01 5.054103582380178494e+01
8.940881982300417974e+00 4.875471728202157351e+01
1.244608278539621260e+01 4.858097455556695365e+01
1.257796098964629650e+01 5.184416101985503644e+01
9.295151309233101955e+00 4.963949859002735110e+01
6.781098483057320436e+00 5.024000561561667411e+01
8.962398683938438637e+00 5.049551746957185827e+01
1.166818402559997736e+01 4.811296924948972986e+01
1.401506377786113688e+01 5.235919075376580878e+01
1.038620183498801808e+01 4.847175735602407798e+01
7.916809950790277384e+00 5.104051074306198643e+01
8.660614877077682294e+00 5.311431204064448508e+01
7.528118347646806541e+00 5.039366484236319366e+01
6.228363764678157111e+00 5.109971210829936439e+01
7.303452095849306325e+00 5.265252415843896472e+01
1.020049496095089481e+01 5.232270262255217119e+01
1.321652992306966823e+01 5.355010162747242219e+01
9.858487586242532075e+00 5.241239248871135459e+01
8.689555287370522407e+00 5.173588452101551383e+01
1.060991411467579759e+01 4.805064942769087111e+01
8.596586410803876532e+00 5.139209395900874000e+01
7.975518401689696724e+00 5.181063433746589908e+01
7.053386790528787031e+00 5.165781664406541296e+01
9.476723424904092141e+00 5.356424084735306934e+01
1.229022706763927708e+01 5.383801710561444764e+01
1.264563719442211465e+01 5.426627689828484336e+01
7.186517702215598824e+00 5.342230393408131306e+01
7.305572980737558453e+00 5.059275165034919297e+01
1.228217440972990815e+01 4.897345776316154087e+01
7.701610162214177713e+00 5.060373656538506992e+01
1.016489080084420138e+01 5.002613460273659740e+01
1.334996229599838813e+01 5.087371592495379247e+01
1.204363378659008177e+01 5.087850056918905040e+01
8.913560449539247088e+00 5.227184085190805263e+01
9.646725116700423541e+00 5.427859641091463772e+01
1.184047284279240486e+01 4.785381975234736274e+01
1.332203778268510774e+01 5.244227769364944436e+01
1.101255893903278071e+01 5.221924861608735569e+01
8.323623406497443256e+00 5.222478880186106664e+01
8.578807200411254996e+00 5.237422332652322154e+01
9.133966759461781493e+00 4.870451772765750320e+01
9.753906144910553522e+00 4.912398595398581591e+01
1.088420133892703845e+01 5.430564026054342719e+01
1.224148526141603099e+01 4.813650873559978294e+01
7.305888676667882109e+00 5.148640878158540346e+01
1.113929344785337250e+01 5.299476181647214190e+01
1.337867938030190551e+01 5.136212260251355843e+01
1.160855511284444574e+01 5.091339531662246998e+01
1.230035294448491534e+01 4.954192315039973948e+01
8.860099543232726305e+00 5.084923470010347302e+01
1.207666807189016467e+01 5.005492599601467418e+01
1.446181475380717885e+01 5.177897727404140227e+01
1.064912569689729160e+01 4.773236460723968833e+01
8.407863599495351892e+00 5.191055421022121408e+01
9.145805127941690316e+00 5.137046616388278863e+01
1.119814380830690759e+01 5.135208159395541117e+01
1.401723026169569764e+01 5.349848020803312210e+01
8.369527691355086674e+00 4.815797598527542789e+01
1.098581297846561533e+01 4.905620886810454095e+01
1.120160350512026426e+01 4.864301433200398606e+01
7.049434500453100938e+00 4.956264717721932556e+01
1.304152657540803162e+01 4.891517856753104354e+01
6.993278775231265953e+00 4.924202279221393042e+01
9.783943431358247622e+00 4.952667287276324259e+01
1.384940924705767529e+01 5.103262046276590524e+01
7.308715695792327161e+00 4.928967193895916665e+01
9.931272081779887628e+00 5.215456581773423750e+01
1.189808823134737636e+01 5.240725123479101910e+01
1.141780852388019696e+01 4.828017173868873613e+01
1.061687143273416645e+01 4.970485385083224372e+01
1.238454979140469803e+01 5.317157191568209385e+01
8.086675473901550504e+00 5.079753901747232447e+01
8.348556794983215568e+00 4.875612617099421442e+01
8.661501226325931668e+00 4.891095054558923039e+01
8.136104707331757169e+00 4.917195932160921501e+01
8.899335343331966186e+00 4.799691832153447990e+01
1.325365476336057036e+01 4.834742466496469859e+01
1.004731074404449842e+01 4.909930163117527968e+01
1.040654015821348999e+01 5.215911282211494893e+01
1.304146481329536655e+01 5.163875354394191675e+01
6.958564901779809908e+00 5.102969974309388590e+01
1.468018016408554516e+01 5.138643911481010917e+01
1.445266791803715023e+01 5.234301737094575913e+01
7.482129726184435725e+00 5.155403371053627382e+01
6.975892803638031658e+00 5.119789902713291951e+01
1.058813079518925804e+01 4.885974723015058885e+01
9.603072580054018204e+00 5.243850059384278950e+01
7.674482400029736695e+00 5.124997737852936552e+01
1.359696718463166221e+01 4.869160459117716044e+01
7.664950153691738599e+00 5.235759525038396589e+01
8.463503417493175363e+00 4.923457794492755824e+01
8.067354349808107727e+00 5.252876215201463594e+01
8.057286978398915167e+00 5.356695291845830553e+01
1.055424210322754597e+01 5.158413110692579551e+01
1.307548494216041490e+01 5.424475965754286477e+01
1.390772559872748459e+01 5.280583261367634407e+01
1.167484646396826342e+01 4.874410573648214751e+01
1.393317441122133893e+01 5.185799075659106450e+01
1.135425975648723096e+01 5.217717362281747029e+01
8.786972000372161418e+00 5.203981061874629432e+01
7.232199755514071349e+00 5.024431994651515510e+01
8.999013739947578472e+00 4.933522477154579633e+01
8.353403122747961262e+00 4.968563451654202368e+01
8.243306011515315390e+00 5.126990082264530457e+01
6.413617271202743275e+00 5.083183034625203334e+01
1.271586103298075976e+01 5.126827679016543726e+01
8.808309838730327357e+00 5.278838563269345485e+01
8.756272072931404082e+00 5.376948903218057296e+01
1.060100430529131366e+01 5.379129222332165483e+01
1.234933945481486361e+01 5.112681747797408605e+01
1.322695538839404428e+01 5.207293066955473648e+01
8.832204505333203670e+00 4.827240495046929425e+01
6.813481853604621108e+00 5.121465426099003793e+01
7.224693024416213305e+00 5.117735186685246873e+01
9.195651905033422224e+00 5.289665734314561263e+01
9.472005448474732248e+00 5.391704555915364949e+01
1.163519620207726923e+01 4.847056396716799753e+01
9.037419659078034684e+00 5.442603156372898354e+01
6.953806272615703499e+00 5.085558487540574646e+01
7.366487461339400689e+00 4.976136085963207023e+01
1.347546828317981848e+01 5.443987938854646558e+01
1.023806836338750159e+01 4.776465697408292499e+01
1.051562922814795442e+01 5.327131257712077428e+01
1.323715945880689659e+01 4.871303918125973809e+01
1.141247454950616103e+01 5.356749816655452179e+01
1.195601161779223709e+01 4.850097191015166231e+01
8.781880592930791707e+00 5.002879052352402311e+01
9.209590247753910219e+00 4.915532056564554608e+01
7.295116572911068076e+00 5.185544182323834406e+01
1.177327432928871076e+01 5.300355499947070115e+01
1.021890491568720982e+01 5.348591981812030838e+01
7.601335618698401575e+00 4.784526654974150262e+01
1.354547766336342995e+01 5.118470767557161594e+01
1.259330819998179329e+01 4.823025569428618553e+01
1.219233296864500105e+01 4.761723139254077353e+01
1.128979477547684240e+01 4.899165576541107470e+01
1.214017537815778880e+01 4.928043874963020698e+01
9.596967123974057046e+00 4.774210854888016797e+01
9.364445393688635377e+00 5.047143534263247489e+01
6.403595650075640577e+00 5.122592855513831722e+01
8.041682021693617344e+00 4.836403574583239617e+01
6.570894438736127441e+00 5.159112722404816509e+01
1.098053810761004101e+01 4.962044095782540865e+01
6.838324778284855299e+00 5.096842105269194434e+01
1.149544225887089333e+01 5.167536972418701424e+01
7.079759304409803278e+00 5.069318463809470643e+01
1.146647136088859753e+01 4.924862105122850409e+01
8.398973754441126260e+00 5.488891877142719977e+01
9.280382007071453998e+00 5.090806413476057202e+01
1.041178298045184469e+01 5.194821961116456777e+01
7.395279987033903879e+00 5.311609191773673189e+01
8.212538249245733724e+00 5.314660038510522355e+01
1.442230370329661682e+01 5.115095942620245495e+01
1.032501773276087143e+01 5.094154251284330570e+01
1.112057259493604278e+01 4.785261724908918524e+01
1.019485295711423589e+01 4.864887386078541454e+01
1.142990603755113632e+01 4.814116909064622973e+01
8.465269082624766739e+00 4.847735933815534537e+01
1.173031913181355357e+01 4.906880519929424622e+01
9.558148825925977476e+00 4.858573692362559626e+01
9.726548624085047834e+00 5.349432553982601490e+01
1.075531752106578054e+01 5.242035835642413844e+01
1.161280382234791198e+01 4.822516104100390066e+01
1.317167700638144012e+01 5.282274231088354099e+01
8.913809250784286320e+00 4.982787396911007249e+01
9.760088991939372960e+00 5.458277611814548180e+01
7.144442995553447417e+00 5.145845196269946342e+01
9.424669942983827653e+00 5.317052928591070327e+01
9.157314389106373298e+00 4.768963512167110252e+01
1.071696604485440041e+01 5.275155547186240312e+01
1.400402934536302268e+01 5.149564768569825191e+01
1.311811501000342517e+01 5.083446781930103953e+01
1.125380613327045864e+01 5.028664201402781231e+01
1.027365579506992788e+01 4.944719184592852912e+01
8.629203081712676138e+00 4.959247346851633154e+01
1.364887248224725269e+01 5.254120085707896948e+01
9.209762083841468439e+00 4.895079504798792414e+01
1.075503420954238720e+01 5.189929152917763133e+01
1.260874759744510243e+01 5.061636625772162290e+01
9.404451224289053002e+00 4.805023149695281859e+01
9.414310141609810501e+00 5.209418242604124316e+01
1.261000377327992439e+01 4.889275104917810921e+01
7.836281471572555724e+00 4.856729972582240151e+01
1.086847621140276665e+01 4.811776117092018978e+01
9.704599547236801627e+00 5.126149486267337352e+01
