1.423635227187680385e+01 5.309271709131436978e+01
1.718597517613998704e+00 4.677365176526105728e+01
8.201896326638630441e+00 4.938685187220018236e+01
1.500022650919117595e+01 6.143341194445736875e+01
1.913433317871634287e+01 5.187840778748520876e+01
1.415840506158843937e+01 4.758712955629605545e+01
5.330228000005387656e+00 5.216902743576626023e+01
9.917959042096676114e+00 5.348574840232207350e+01
1.547499799265684928e+01 4.987102379619918935e+01
8.190205841000215869e+00 4.676623667700071962e+01
1.188277054338555772e+01 5.027593150730353244e+01
7.045716197828578942e+00 5.100452473623984417e+01
1.165844197822260675e+01 4.813434268949961847e+01
9.348121455999990559e+00 5.623445518800033938e+01
9.677937656536764521e+00 5.239370272219869662e+01
1.286030387005942544e+01 5.216968084173667108e+01
7.954098922059697152e+00 5.167762405278076443e+01
1.018006541294774792e+01 4.868875399215575328e+01
1.432502731119830841e+01 5.154982488489359582e+01
6.133266749986798771e+00 4.975290147194731105e+01
1.018862536798649110e+01 5.002761129539644713e+01
8.098889947409247725e+00 5.283142468695532301e+01
1.278882826021717456e+01 5.081988439170785909e+01
1.141466418774978919e+01 5.218736702243771930e+01
8.602495478941644791e+00 5.015208453174664527e+01
9.665553412009828094e+00 4.786612812083305357e+01
9.019642985530252233e+00 4.848711516419848522e+01
1.222767821010316602e+01 5.411473214884521354e+01
9.635295953219882747e+00 5.130294259812922064e+01
1.275342224858112772e+01 4.816186786534574793e+01
7.646352256565920769e+00 4.760746704153790176e+01
6.285264329708300401e+00 5.120991102855002453e+01
7.158679905859123060e+00 4.929444213424013554e+01
7.251294489853154168e+00 5.188439079076876226e+01
1.098600633526174342e+01 4.942330742016948619e+01
1.307716627366113116e+01 5.424678748305721854e+01
1.172508083732775397e+01 5.121971125972805083e+01
1.109463820264110723e+01 5.118051461242585987e+01
7.651122753374160368e+00 5.071785007684131585e+01
7.304292467320103732e+00 5.248507549895081326e+01
8.830202957868992897e+00 5.218817287186001153e+01
1.041230329343818894e+01 5.215496429670889711e+01
1.090610807284098804e+01 4.837212570511273668e+01
8.572016777044973779e+00 5.352451687653064027e+01
1.332321822199896744e+01 5.252836741282681032e+01
9.431167725507876298e+00 5.477089784352266832e+01
9.197665257352799273e+00 4.913656720425876046e+01
1.213282863308200277e+01 4.900468084346195496e+01
1.023464465933943401e+01 4.755453906256853713e+01
1.100392184231440140e+01 5.051674939430514399e+01
1.385955855675611659e+01 5.100231268774707161e+01
6.658849602065949114e+00 5.137291495088880566e+01
1.233287249593933410e+01 5.119421219374820708e+01
6.785218924774854443e+00 5.113630125802812643e+01
7.836119098686682882e+00 4.802778936765032824e+01
1.368178910844981644e+01 5.413648155901804415e+01
8.315202169957201406e+00 4.901565032933773836e+01
1.158392707830342694e+01 4.876152315584926100e+01
8.000815336402345324e+00 5.088910758081601671e+01
1.014408739118392155e+01 5.430426144277549838e+01
9.050253397879938433e+00 5.116748779948208892e+01
1.127772110542600892e+01 4.749587269567864212e+01
1.280013169395338757e+01 4.873228798869113376e+01
8.778868714021891506e+00 5.033673644355118881e+01
8.820656283144483467e+00 5.309348772658331939e+01
7.492773027106715666e+00 5.138502939667185387e+01
1.080742088861358852e+01 5.391100419323222326e+01
1.362520294423093503e+01 4.865906570109954288e+01
9.996368490344359259e+00 5.083603610625405622e+01
8.666880249663035940e+00 4.810858158822077257e+01
7.251968558865071302e+00 5.145888317539771606e+01
9.371884192929160307e+00 4.869761472691108395e+01
1.214607599565634111e+01 4.784321300476753436e+01
8.560976262796792469e+00 5.161527398548746959e+01
6.668367925583921441e+00 5.098106595074894187e+01
8.141701128991277514e+00 5.356295572844940267e+01
6.298264547159769577e+00 5.082959300728199992e+01
8.409145692673479999e+00 4.951388421212707414e+01
6.799204905824829837e+00 5.019036795629207859e+01
1.164165275883295081e+01 5.191129177065869271e+01
1.210121227244120590e+01 4.929446104729351674e+01
8.938370653048375303e+00 4.869953212515387264e+01
8.234892749702193981e+00 4.763006030448890726e+01
1.047191182778044549e+01 5.133292609753149804e+01
1.443276344115591314e+01 5.186725220177606133e+01
1.077534977972367614e+01 5.243083197479048607e+01
8.235921019051342995e+00 5.003742245201261341e+01
9.581128251628816983e+00 4.977607171586036117e+01
6.843065767482102046e+00 5.086309669640557019e+01
1.135527252760904027e+01 5.358682364627164674e+01
7.908591798533795902e+00 5.224693475338249726e+01
7.396642274227000158e+00 5.306959939907313384e+01
1.141890127953730527e+01 5.066105875231747291e+01
1.255871270639807058e+01 5.188079711772560643e+01
1.232999309998586845e+01 5.256050482293881032e+01
8.604371949451143919e+00 5.191651711690076354e+01
9.540431989847077077e+00 5.397760412498999472e+01
1.226824134229818775e+01 5.059713547083980956e+01
7.603334681339982026e+00 5.196022542503011010e+01
9.879180830286841797e+00 4.827801276577767453e+01
1.013269531015248504e+01 5.357727075179057863e+01
8.113027263652876186e+00 5.043132528347074128e+01
7.355196591645662529e+00 4.968524890435460151e+01
1.451400906493548959e+01 5.141473226152326248e+01
9.918084757692957609e+00 5.157805910843979547e+01
8.897741489464392473e+00 4.984838736803860115e+01
8.682828753569147295e+00 5.054711250582035120e+01
8.051121590751998625e+00 4.856814138643954948e+01
7.963929189749449300e+00 4.759149814780836607e+01
6.309994330114571781e+00 4.996663850008417285e+01
7.090452763890217724e+00 5.071665085670721140e+01
6.885174003593953707e+00 4.952741852512660614e+01
6.572916898722406032e+00 5.176266292896897880e+01
1.143715925427209967e+01 4.815457824988316560e+01
1.322693063704668148e+01 5.355578704126684642e+01
1.089659262662609152e+01 4.781231616721512978e+01
9.131548477170808198e+00 5.223931972160298187e+01
1.352869542311528761e+01 5.118434275717645932e+01
1.353395436879796065e+01 5.246225050528673250e+01
6.991356420011562989e+00 5.148241790940963369e+01
1.391659170792743438e+01 5.186665201601989850e+01
1.211543417185626126e+01 4.856760912481503567e+01
9.489435336551517608e+00 5.362938338952199757e+01
9.743588620541865808e+00 5.091507939434674057e+01
9.116049997117134041e+00 5.172021760676992130e+01
9.810247679314961999e+00 4.874080999549595816e+01
7.453394810677117732e+00 5.162688769404929445e+01
1.030225024002495893e+01 4.948392840895400724e+01
8.352540576123894667e+00 5.187131118694994569e+01
7.587184002100112679e+00 5.034714376746928366e+01
8.686938145941379474e+00 4.936167619249715699e+01
1.108716647694052959e+01 4.972487030450346879e+01
1.136656165130034779e+01 5.260233847934760831e+01
1.009962834204376492e+01 4.782850809945571058e+01
1.039075638685391390e+01 5.346075704613843982e+01
9.580581052336532011e+00 5.035717188955035084e+01
9.900169707072819847e+00 4.982022203522436854e+01
7.328875946977935207e+00 5.359388876092461373e+01
1.143638728275048422e+01 4.921875653236636339e+01
9.183944179910874084e+00 5.287727968236911380e+01
1.042951326584481286e+01 5.064657543438245568e+01
9.766980400843474186e+00 4.910196615075153659e+01
1.114785746813187117e+01 5.185165570152242509e+01
1.230290163157874339e+01 5.164848950826421259e+01
9.157214463501114565e+00 4.768967536073488134e+01
9.647565904839828121e+00 4.759959256328171762e+01
9.205814572382452710e+00 4.886119728687867081e+01
9.918241801071552288e+00 5.188131113756875123e+01
7.764383433902786180e+00 4.966125279552361604e+01
1.287642002841324640e+01 5.052833365263372656e+01
1.008731447303530082e+01 5.259727514706987961e+01
8.747321848721634652e+00 4.854838939536686837e+01
6.648851580535298567e+00 4.975393447908746936e+01
1.082712446040204668e+01 4.867115279469965827e+01
1.204853213985769145e+01 5.090149992488530017e+01
1.182454065096859175e+01 4.845867965911760677e+01
1.318075221817094977e+01 5.071367740007487157e+01
6.725152881537026950e+00 5.145746034134819524e+01
8.940167734293794410e+00 5.474351777610417003e+01
7.730859010116429175e+00 5.139789926026934808e+01
6.177564282838416077e+00 5.176576758058025263e+01
8.603972839331429867e+00 4.985617219565352798e+01
6.887496509230174979e+00 5.192860913871452766e+01
1.394211738686678892e+01 5.243261697858185499e+01
7.029328897911780949e+00 4.993406434705637054e+01
8.861246676413902179e+00 4.908323608463049226e+01
1.278755367426689737e+01 4.920720359941053346e+01
9.170244276798003469e+00 5.388247268682651026e+01
1.330329589111937061e+01 4.838729856927874806e+01
1.167333047821257352e+01 4.775554056650447876e+01
8.606395880050603964e+00 5.216766656241042455e+01
1.162694309698523654e+01 4.993206158331722122e+01
6.761710092065275290e+00 4.930827046237372713e+01
1.250598926285828405e+01 5.239764656936898035e+01
1.161935282049652329e+01 5.089897155176124954e+01
1.061364844277878916e+01 5.001498837741504389e+01
8.277868044991585350e+00 5.069908711194686646e+01
7.264611058833766677e+00 5.122832359107362521e+01
9.119230396446557307e+00 4.997760326713564183e+01
1.038526359055626536e+01 4.915199339830141412e+01
1.481007596008442562e+01 5.092569019753200621e+01
1.200006967501768962e+01 5.149131983198865470e+01
9.803591431812552770e+00 5.309552853530122007e+01
1.240384228669787525e+01 5.136626534632583230e+01
9.373660393658164836e+00 4.773484664356242035e+01
7.877419817635502142e+00 5.312535427176044323e+01
1.463279319741637607e+01 5.212540261531004404e+01
8.041301560722244446e+00 5.144309186357025965e+01
7.783479683726536535e+00 5.100669479307753562e+01
1.286668179386486699e+01 5.301952785745087482e+01
1.140889637855481276e+01 4.881391734241246638e+01
1.243336579419494470e+01 4.858343146062266271e+01
1.227538247509461478e+01 5.312886099925071903e+01
1.059804862341572829e+01 4.805592616347422563e+01
1.112988649327567359e+01 5.014929376996813204e+01
7.940120771519531218e+00 4.991281186097599942e+01
1.249279110674204851e+01 5.074640055047761678e+01
1.306231768696957118e+01 5.110398526804184627e+01
8.855907438826863043e+00 4.776889490606902200e+01
8.988077717713407466e+00 5.237244712563226301e+01
7.715735149783722768e+00 4.943758761267668689e+01
1.101639484609950337e+01 5.095948083287532882e+01
7.816997850556925087e+00 4.832903867744298765e+01
9.266542259757450495e+00 5.082547140233836558e+01
9.582334101538926063e+00 4.924014918075638292e+01
7.228097523836512828e+00 5.025450496462835304e+01
1.043883775520868973e+01 5.327504793788596515e+01
9.957582881545700815e+00 5.358315993508406905e+01
9.537587199166415175e+00 5.235476276674557283e+01
9.977388213342120338e+00 5.212948446060844532e+01
1.030342367595430808e+01 5.095222763504546037e+01
1.208740681176041321e+01 4.970585353464848311e+01
1.023232067522899058e+01 4.851966783124036908e+01
7.130443870390387850e+00 5.152062828006383199e+01
1.184955653890173544e+01 5.225795772478983281e+01
9.612595311890382632e+00 5.441384677312700546e+01
1.291035730797919001e+01 4.775868383103443904e+01
1.256761416528383002e+01 4.792318001398354710e+01
8.275619361478240066e+00 4.882439869673737576e+01
8.667206074341399002e+00 4.890390178656657127e+01
1.032273922399828159e+01 5.166626082770801531e+01
8.486047762993033317e+00 4.835988456200632157e+01
1.268890817912276248e+01 5.356557060670856885e+01
6.370182163846836332e+00 5.061531397728372639e+01
1.446522253235598043e+01 5.233917517639409311e+01
9.245005163316758257e+00 4.848768935728142537e+01
1.060150980809179977e+01 5.379094670373215337e+01
9.032788968999577506e+00 5.420627399326748730e+01
6.989491630246622123e+00 4.923656197489116693e+01
9.805902881604522392e+00 4.765493970560565629e+01
8.399920996741590429e+00 4.998449670237858555e+01
9.151365167460424388e+00 4.870372170727685557e+01
1.184712279214562081e+01 4.947924327764435048e+01
8.905182664976010187e+00 5.196593257346160044e+01
1.447743105607233360e+01 5.155780516863384833e+01
1.180537476316886369e+01 5.057535532915500198e+01
8.304429562372295237e+00 5.112601660555048255e+01
1.273188492657031290e+01 5.116308610612940555e+01
9.744560749787876119e+00 5.367896822748954833e+01
9.413824293725113534e+00 5.209518110454326489e+01
8.508418964300707543e+00 4.945029936389907732e+01
8.352328797842293540e+00 5.081229641332893721e+01
1.155144850483875985e+01 4.813075473746928878e+01
1.364785056447575329e+01 5.326859194102347317e+01
1.008607021899961431e+01 4.825965897622802458e+01
9.033055116273358109e+00 4.821407393806119757e+01
8.215367903977945474e+00 5.313869629697262553e+01
9.433148448983070367e+00 4.807795347383511597e+01
1.392893274509481216e+01 5.150523792995016947e+01
1.052808660872176816e+01 5.230161964753393278e+01
1.221464194085467980e+01 4.812340958521558321e+01
1.177360578643422784e+01 5.300369824736517188e+01
8.555997866108720373e+00 5.205071218669328204e+01
6.609600919464213575e+00 5.103709336308008915e+01
7.443903397676548295e+00 5.223716423879493220e+01
1.229766174218063313e+01 4.955748649380328885e+01
7.314514020497503211e+00 5.161630456171544523e+01
7.538302631708314827e+00 5.110058006948037956e+01
8.517708161030766334e+00 5.324539597486209175e+01
1.128815819811213572e+01 5.138848741435515421e+01
9.380745909198012100e+00 4.944826753715575762e+01
1.200879919386365735e+01 5.129169625005236810e+01
1.017790836515648678e+01 4.802423537436545331e+01
1.433676954855014785e+01 5.113386898592896301e+01
6.965228483420959904e+00 5.117809417572091490e+01
8.707001476768375881e+00 5.142346334006865760e+01
1.189052970291141698e+01 4.788357899584494959e+01
1.134250349957108028e+01 4.943052736870951946e+01
6.137128690753844040e+00 5.081885417376842184e+01
7.612460605963358162e+00 5.281909507871137777e+01
1.331894167101736315e+01 5.403514013794232085e+01
9.965538696534585128e+00 5.407053000294091305e+01
8.100676140518999091e+00 4.873709325271743609e+01
9.800531567513658615e+00 5.229808606355483391e+01
1.217609114321694541e+01 5.001099207217443876e+01
1.318961845183556036e+01 5.202155184248751141e+01
1.318014887108560984e+01 4.865558285796107185e+01
1.116113195014053616e+01 4.877851902417331331e+01
6.459777493510422630e+00 5.121728892966936542e+01
1.343347873438677098e+01 4.857451773791547112e+01
9.044136795409951191e+00 4.885188207984304398e+01
8.960424833954640178e+00 5.051817178886173565e+01
1.331921856592260767e+01 5.292645663858597516e+01
1.371100980027380345e+01 5.106667448664543230e+01
1.056976516259570253e+01 5.299936126499831346e+01
7.950973018801158254e+00 5.101936187830219183e+01
8.055598921004801127e+00 5.223978753084283255e+01
1.126427640341645287e+01 4.819298017032318882e+01
8.490510897754814934e+00 4.905382909408035630e+01
7.904309304528514879e+00 4.916342707494089126e+01
6.973258133706327300e+00 5.103482961595923939e+01
8.512735274049518353e+00 4.791095003728008805e+01
1.407447386277770818e+01 5.363039607728710223e+01
1.321611285295119842e+01 5.270013104189431630e+01
1.294250948259795386e+01 5.165517240103340413e+01
1.189370888392961589e+01 5.140696691792665263e+01
9.416796675646038395e+00 4.894680660298478614e+01
1.018040665733157724e+01 4.972143053022843873e+01
8.772291075570544550e+00 5.015848573481250128e+01
1.113246262300417655e+01 5.297587851582077434e+01
9.160036423995823185e+00 5.261669590248014572e+01
7.342311265149879418e+00 4.930901332930891101e+01
6.992779986465477826e+00 5.087245588677242125e+01
1.025078829176303330e+01 5.035462140633264738e+01
9.135868914525438811e+00 5.021903260815417980e+01
1.090568012622869887e+01 5.174444517877567762e+01
7.160866336271793031e+00 5.337264203425679199e+01
1.163650171813436884e+01 5.218304884304312452e+01
9.419135799628131522e+00 5.316789942966759952e+01
1.043084714436870009e+01 5.426849641555519099e+01
1.068646815172570719e+01 5.095084603830648007e+01
8.682232269360547150e+00 5.309389875772506429e+01
1.091340058405963376e+01 4.991996801001360495e+01
1.144035793012985636e+01 4.780850399081094082e+01
9.596258008639509285e+00 4.872292398162804972e+01
6.976546171218631187e+00 5.251957846238665439e+01
8.178910649586800474e+00 5.202992339906079167e+01
8.224464314419082100e+00 4.797621146299268702e+01
7.492007105439137504e+00 5.000971319826685857e+01
8.312556733547124210e+00 5.164267371220059744e+01
7.368332897520914138e+00 5.073013782035801000e+01
8.839150447027737556e+00 4.799665667784496748e+01
6.295887698094221108e+00 5.151673103604373694e+01
9.406231285700727085e+00 5.109501070006022161e+01
1.009191452900834562e+01 4.895202125770322965e+01
1.156860242766985003e+01 5.389886904789396027e+01
8.359581329706221808e+00 5.258407595090550046e+01
8.762186823189688667e+00 5.077976448781368646e+01
7.605901200083589941e+00 4.785094112526072507e+01
1.191758525227266041e+01 5.263876026512171791e+01
8.453888050644062346e+00 5.054367264004578431e+01
1.096992224396603355e+01 4.955712687108819381e+01
6.824042615816441781e+00 5.120834461560161799e+01
8.714526763531443621e+00 5.172967386062171613e+01
7.713121782431470841e+00 5.164062106906489902e+01
8.123987336731227415e+00 4.963997859143620417e+01
1.261079257852320623e+01 4.889292355712160543e+01
1.105428481350593728e+01 5.221635051623785273e+01
1.254741006875705800e+01 4.822190622837233320e+01
1.036430048276428550e+01 5.193406868469504190e+01
1.216462635439451745e+01 5.184949222614356756e+01
1.271275208747056595e+01 5.422176885329501772e+01
1.124401681653210794e+01 5.032240104855070939e+01
8.016803354639664647e+00 5.189540530661642492e+01
1.219412839820125072e+01 4.761404299270240870e+01
9.638489396976808621e+00 5.284112952149859410e+01
9.472058916325810429e+00 5.129841866006942297e+01
6.707078584731497983e+00 5.121802707954952183e+01
1.031756939066147183e+01 5.389313801705551299e+01
1.073836140718191778e+01 4.828586776668255709e+01
9.140907007466390510e+00 5.137467583963822193e+01
1.024889915787128203e+01 5.290266265720893557e+01
1.180933173169216843e+01 5.346400001936347479e+01
7.025844011945921785e+00 5.161054531491321740e+01
1.345824782016935117e+01 5.253301517633857287e+01
7.145057017985841696e+00 4.951827596243866481e+01
1.303357321877847852e+01 4.890663490757913223e+01
7.861727898204027731e+00 5.119798398372432757e+01
8.946796296441881680e+00 4.965188514140042031e+01
8.364223284802612568e+00 4.966587739817063607e+01
7.943897429958395762e+00 5.353573186431164999e+01
7.680865374516893773e+00 5.233619491585957206e+01
1.019289043670580774e+01 5.345320776073445757e+01
1.075158393157824221e+01 4.765188581099487664e+01
7.460678183200735170e+00 5.044196940163702436e+01
6.843108459278044009e+00 5.148528931068825898e+01
9.895031815708385636e+00 5.450991586988526905e+01
1.335072972388215540e+01 5.090148917884602042e+01
6.863413637695678027e+00 5.100388621998430949e+01
1.070696977192987021e+01 5.411751824938808397e+01
1.087362368191732465e+01 5.145631201435101332e+01
1.147531787623321442e+01 5.094420437987866279e+01
7.034162900494144388e+00 5.134511457010403035e+01
7.598656814713958596e+00 4.922064875110685733e+01
1.349709986912513315e+01 5.221084225146512381e+01
1.023912468888411276e+01 5.143340365597022412e+01
6.530343334767888308e+00 5.147336538950979445e+01
1.116033022220172199e+01 4.936244696535518273e+01
8.632655466152135304e+00 4.961050095297383677e+01
1.145117491754171013e+01 5.008057437123937916e+01
6.853416885551350646e+00 5.065117668623330616e+01
1.073574649082432586e+01 5.191980518754621698e+01
1.050769578048613262e+01 4.889886871640904786e+01
1.151175690716371136e+01 5.166343965730040111e+01
9.177254301767423073e+00 5.191652907204617406e+01
6.718280011747651770e+00 5.153725648041267959e+01
7.086293123269201466e+00 5.215468777766989206e+01
9.828494528280124598e+00 4.948991603367385039e+01
1.067905981342513222e+01 5.055962907995203182e+01
1.018594843825546370e+01 5.232117352434873681e+01
1.066845125725594201e+01 4.927515478549415207e+01
7.798366546551233291e+00 4.758822884128098707e+01
7.874414599641795576e+00 5.049736680111621467e+01
1.095049148697215280e+01 5.026925228904154608e+01
8.087048848998936279e+00 5.079769012065287370e+01
1.087588618283528241e+01 4.812211546258572525e+01
8.474034942373952717e+00 5.030454034720115430e+01
9.180282238961350316e+00 4.979822126163737295e+01
1.177627348751672365e+01 5.181695885252815970e+01
1.119577707265201028e+01 4.851459957723768923e+01
8.944549063666842770e+00 5.008962952684716186e+01
1.407370747796487720e+01 5.128839086921485091e+01
1.464516335163226479e+01 5.109374939938226845e+01
1.113157220145849280e+01 4.781716597796867774e+01
7.030564610845933871e+00 4.933475515355884511e+01
1.061461651342385260e+01 4.784142678056822007e+01
1.335569702565040018e+01 5.141468830491319864e+01
1.338959241421853186e+01 5.244729435588661914e+01
1.176758619877646517e+01 4.885530696892185887e+01
8.425680028415833078e+00 4.926755798564013844e+01
8.290087538505984455e+00 5.275050652542235952e+01
9.108023009702428396e+00 5.447670884258738511e+01
8.604300109180694989e+00 5.237341692654705128e+01
8.961322399591360011e+00 5.306649746852780680e+01
1.098606224793818242e+01 5.431271740468918097e+01
1.033899512584801883e+01 4.772103502343696135e+01
9.052583346498366268e+00 4.933900858036482617e+01
8.023547354865483427e+00 4.837875522878927370e+01
9.837201861381050350e+00 4.809385497367168938e+01
8.123337976564547702e+00 5.335029196192601120e+01
1.344467357868181523e+01 4.881730612512959766e+01
1.364486231924784931e+01 5.259424481946206242e+01
8.752802176673489143e+00 5.376832640009102704e+01
9.707154538841072267e+00 4.829824012728540339e+01
7.219259094033557034e+00 5.054771138591885205e+01
9.980887705647981889e+00 5.374834448796391229e+01
9.911163106600957562e+00 5.236357318415150530e+01
8.021437503298313842e+00 5.251995211014985898e+01
9.780617660632177746e+00 5.204713837227408391e+01
8.537855621728365207e+00 5.009951211378373870e+01
8.845452512460187933e+00 4.829497107803936728e+01
1.306773832720960726e+01 4.832863840187927451e+01
7.451423921803031369e+00 5.331891825723594280e+01
8.982660669058960323e+00 5.083063754435750070e+01
8.336539739748157984e+00 5.226873027072765865e+01
8.772300841614578459e+00 5.278874190264149036e+01
1.076301214441721577e+01 5.335303241000994490e+01
7.166118165326542666e+00 5.084675125065738399e+01
1.097783636458139966e+01 4.907534836365493192e+01
8.146948600033262267e+00 4.917880665000494389e+01
1.226486537714873926e+01 5.380344862177636855e+01
7.260281891848626046e+00 5.272478591511065105e+01
1.323390817916243556e+01 5.253560294922819196e+01
1.072493053461491463e+01 4.971101529225656890e+01
1.386753441646783180e+01 5.285598341458818794e+01
7.134876972340888912e+00 5.124453561064221674e+01
1.292780859797746018e+01 5.084973191476741761e+01
9.416624066910094015e+00 5.175081732937385937e+01
1.044960885594180766e+01 4.853182707081106884e+01
8.846523936958657686e+00 5.120388814784108433e+01
7.089117318816799518e+00 5.169962149554002906e+01
9.740265627385861436e+00 5.245256094489988641e+01
1.210325339882752260e+01 5.409784066900330401e+01
1.301812105000000130e+01 5.282063875000000053e+01
1.327101523533713667e+01 5.237576959835433854e+01
1.134818656671639658e+01 5.097659591387925104e+01
1.366617659058913858e+01 5.167319973860251991e+01
9.842279337753206292e+00 5.122448702203869431e+01
9.778249747192184316e+00 5.074240582431826851e+01
9.586830649999999565e+00 5.000333390000000122e+01
9.046516055753945906e+00 4.789871402138409451e+01
6.497839451597402061e+00 5.028960086388182305e+01
1.242115251954188615e+01 4.925607630524140745e+01
1.178166903225554485e+01 4.916183382786729084e+01
8.508283935015546362e+00 5.089134378611128540e+01
1.491829632386169457e+01 5.119721959367231534e+01
8.395050238947115773e+00 5.488909482903967785e+01
6.627783498054415467e+00 5.066970589650360779e+01
7.717434675576893888e+00 5.344151224154926183e+01
1.348851850329167945e+01 5.443435460832428419e+01
1.160912083724231181e+01 4.822730532525718417e+01
6.464048522805601493e+00 5.080129149172908853e+01
1.073812973682298555e+01 5.270783137245195604e+01
1.234746349840177615e+01 4.895326491289713999e+01
8.483646192211557135e+00 4.807384554718685621e+01
9.579267091518110178e+00 4.848562710373295914e+01
1.107764883197705430e+01 4.944929354112142050e+01
6.154860501071359735e+00 5.101761926608651265e+01
8.739545085025314464e+00 5.000642164994194871e+01
9.828585745733443346e+00 5.242560038917113729e+01
9.351558662547139633e+00 5.060252918371450193e+01
1.219225617221052715e+01 5.044081237838835108e+01
1.265691215033398365e+01 5.143915438450345334e+01
7.863162499796887417e+00 4.857261169596532113e+01
8.342949005049723255e+00 5.142111141927526319e+01
7.476504452923680155e+00 5.151163618795690979e+01
1.185676899475080859e+01 4.830038562467535002e+01
8.405092092170969309e+00 5.201560319106077657e+01
9.178883362760515752e+00 5.342561408364164777e+01
9.432419880779917776e+00 5.245203641538826389e+01
9.985134603324929969e+00 4.840994038953798650e+01
1.107648378014117618e+01 4.749739483913094773e+01
7.883807865714626217e+00 4.775900613264617078e+01
1.290693528616318630e+01 5.253431305174070332e+01
1.212161128508958541e+01 5.107761846945630424e+01
1.308783529411216051e+01 5.238098375679543039e+01
1.362121334344474377e+01 5.381961063164602166e+01
1.147950079805148782e+01 4.868061732339278080e+01
9.689352329830885679e+00 5.055645355207195735e+01
1.037641318573874294e+01 4.828328301977904857e+01
