1.500022650918658584e+01 6.143341194446670528e+01
7.747086874134418544e+00 4.760650308809740494e+01
1.718597517627622473e+00 4.677365176526232204e+01
1.547499799265845155e+01 4.987102379619906145e+01
5.330228000006353994e+00 5.216902743576476809e+01
9.940694218519684711e+00 5.353605764852897408e+01
1.913433317871777817e+01 5.187840778748462611e+01
1.415840506159226919e+01 4.758712955629451358e+01
1.037478032244610660e+01 4.900354699369972167e+01
8.077714719201786409e+00 5.044959142440292510e+01
9.348121456000139773e+00 5.623445518800018306e+01
1.287416757074646867e+01 5.082783356974070443e+01
6.781098483057320436e+00 5.024000561561667411e+01
7.220181149069810012e+00 5.121468038160087133e+01
8.190205841000011588e+00 4.676623667699897879e+01
1.161614164550687356e+01 4.810913400083704516e+01
1.317494637827453907e+01 5.280822388028373382e+01
9.314233099641910485e+00 5.097074621119171667e+01
8.463503417493175363e+00 4.923457794492755824e+01
1.100141866646809596e+01 5.051349578867877455e+01
8.232570706452369436e+00 5.205896406267557097e+01
9.596967123974057046e+00 4.774210854888016797e+01
1.145433606645309865e+01 5.162441274739516217e+01
9.147549793425600484e+00 4.914960598691274640e+01
1.048856334705198101e+01 5.225439386059205304e+01
6.133266749986855615e+00 4.975290147194731105e+01
1.222940742950848581e+01 4.933345339560256804e+01
8.042648799403950832e+00 5.350383648171654727e+01
1.325365476336057036e+01 4.834742466496469859e+01
1.332072311854879132e+01 5.405181431749433330e+01
1.457669604678245889e+01 5.220162544856117393e+01
6.544882244513248182e+00 5.063903053490714967e+01
9.101510952839836577e+00 4.869416074731592659e+01
6.772186224920633713e+00 5.120557767762399948e+01
8.397216364213797135e+00 4.997698690621014350e+01
9.455491634945726531e+00 5.240008451662809819e+01
1.108219495273753452e+01 4.943558950203282620e+01
1.156991011923912538e+01 5.389963749434021878e+01
7.301400453394916390e+00 5.197301554149795066e+01
1.022920726254496415e+01 4.756029506258294504e+01
1.387904801019027801e+01 5.100716767801466034e+01
1.022306445433259903e+01 5.008536009450803306e+01
9.715262944472526030e+00 5.445179990307521933e+01
7.898237374980454639e+00 4.841296898989277508e+01
7.918503203733087581e+00 5.104101802064143811e+01
7.649694837426638472e+00 4.925286769485168037e+01
1.211569633793699552e+01 5.093557200464547918e+01
8.648417317218202172e+00 5.308835009425069273e+01
9.100150994825735751e+00 4.996279639193438271e+01
8.786256779109475445e+00 4.854816306826140249e+01
1.236993495812023269e+01 5.135208552976975938e+01
1.088435086822675757e+01 4.835541879682170219e+01
1.081591025476130419e+01 5.147702282517235517e+01
1.164415964757253974e+01 4.873440760399761729e+01
9.912877461909863186e+00 5.156097006225120083e+01
1.258446839089184977e+01 4.791730210760405129e+01
1.174806579683940910e+01 5.187028504654735883e+01
1.468018016408554516e+01 5.138643911481010917e+01
8.857386514810769995e+00 5.199088876995688224e+01
7.186517702215598824e+00 5.342230393408131306e+01
7.052733072418389426e+00 4.927761087447605348e+01
1.187138733929443291e+01 5.028667720266431473e+01
7.121212978058558463e+00 5.069983598411174341e+01
8.471307134321447663e+00 4.801736906973307839e+01
7.464710726500683791e+00 5.140857954630170923e+01
1.351761760449232419e+01 5.247717737837173502e+01
1.113685287838579718e+01 4.782062335914611850e+01
9.438975949399985410e+00 5.473930204098106600e+01
7.677559715998647505e+00 5.010775996143411248e+01
9.743001300044838331e+00 4.829825976595668635e+01
9.109936560795322436e+00 5.395653903893504122e+01
1.029652171415304629e+01 5.345211126954269787e+01
9.593422398638507431e+00 4.981401653140736130e+01
1.244956693864490305e+01 5.241590141577469097e+01
6.216647831358725895e+00 5.109439541896694692e+01
8.220075922804101154e+00 5.271148252510215571e+01
1.287937451765992591e+01 5.052523397516935688e+01
1.211510178752495470e+01 4.856625520878580460e+01
7.006760580395528848e+00 5.149020576030829943e+01
1.140729744645120647e+01 5.065279472115065573e+01
9.845786220504930242e+00 5.237936316722958452e+01
1.215307314034210506e+01 4.782162674214938392e+01
1.076618884503640139e+01 5.244546260532321469e+01
1.269557942901617054e+01 4.878410616678309708e+01
6.453776104952317461e+00 5.125167586644026585e+01
8.559009706930364558e+00 5.014712622136179476e+01
7.992743832557694716e+00 5.181267640878012770e+01
1.054249539205879671e+01 5.381850921579466984e+01
6.310012897786876351e+00 4.997030952682845140e+01
9.719341609860400411e+00 5.052483059587408576e+01
8.367419255155152058e+00 4.901746804019123260e+01
8.682589019675033271e+00 5.175891447157226111e+01
1.216250071104866493e+01 5.407994024125041221e+01
1.345039820832129784e+01 5.158242081225395737e+01
7.613074455791102757e+00 5.194934967257140102e+01
6.912076024938289542e+00 5.084335913779187166e+01
1.420030091426188079e+01 5.307646214555330033e+01
8.466131017695573746e+00 5.093350044139315713e+01
6.644381206264416306e+00 5.155257208292432125e+01
1.101930479602310342e+01 5.097770959283842984e+01
1.051240785162622160e+01 5.058079993299860888e+01
9.753906144910553522e+00 4.912398595398581591e+01
8.589545803302941707e+00 4.948047213137988365e+01
8.598027800558394773e+00 5.056410549381490682e+01
7.960696699468028825e+00 4.986464823798759483e+01
7.956686730238430982e+00 4.759990767983206439e+01
1.224433692085069758e+01 4.962118052079179620e+01
7.344560640002358198e+00 5.270430761022468857e+01
1.089342819175477217e+01 4.995281645016508776e+01
8.237252893415979216e+00 4.764664598072194934e+01
9.126812896923521379e+00 4.802263070149506774e+01
9.184058896205367972e+00 5.289974293319284016e+01
1.249818454803040169e+01 5.074606465279750722e+01
1.359696718463166221e+01 4.869160459117716044e+01
1.199052698228995517e+01 5.144133356399214563e+01
9.353994501151179364e+00 4.867507861587231588e+01
9.249773396047688223e+00 5.182215741074033133e+01
7.827022806396233712e+00 4.804786862884687082e+01
1.024462782982033460e+01 5.088902501043854443e+01
1.014916741728434602e+01 4.798708652815943765e+01
1.214177988299773503e+01 4.900832377835827458e+01
1.092712332380431128e+01 5.180405100465433321e+01
8.051154490639282457e+00 5.083848472819120445e+01
1.184340670899295844e+01 5.274141435777125508e+01
1.390464612361428820e+01 5.170026334116567313e+01
8.356202883080991128e+00 5.159153253221674618e+01
8.981986698085595577e+00 5.226216190077678903e+01
1.162552397465397824e+01 4.994189333780160922e+01
8.156778083507289168e+00 5.312787793852375984e+01
1.080929970743893342e+01 4.809783793462223400e+01
1.257352430019832568e+01 4.822648048608128590e+01
9.066407357903310427e+00 5.120172771677930967e+01
1.339640199962853728e+01 5.122181620759022991e+01
1.135487001351362935e+01 4.937432175688221747e+01
9.350107639393051784e+00 5.338166905601788415e+01
9.207917943459255739e+00 4.886987055361318966e+01
1.259991393249130454e+01 5.363014043768693284e+01
8.798568072678321528e+00 5.013404041993064908e+01
7.563152160496391829e+00 5.066352127374637604e+01
9.523879290136607167e+00 5.129660752777721200e+01
6.190918585566153709e+00 5.080945116022000008e+01
6.757706163385583942e+00 4.935449557593980074e+01
1.049008051760227467e+01 5.315753131020940714e+01
9.798137181844129628e+00 4.764656938075185622e+01
8.585396970195860789e+00 5.353386491316931739e+01
1.030928097151052292e+01 4.847731806807887978e+01
8.401108547459367415e+00 4.952848104830950149e+01
1.227076188716222838e+01 5.178048567277790681e+01
7.021434055745459091e+00 4.988909909890379168e+01
7.222672883447037506e+00 5.150079955525736608e+01
1.479354042252638557e+01 5.105332917654514802e+01
7.024329901181033620e+00 5.125980660834513714e+01
1.117878687631255552e+01 4.868436646962271652e+01
8.749017231897774138e+00 5.141266488786455824e+01
7.301917024156692193e+00 4.936105814239737555e+01
1.040514714721785872e+01 5.198336325896268306e+01
1.125792793629936384e+01 4.815132895035178962e+01
7.336907522276824523e+00 5.229721394767310727e+01
7.704506142976232042e+00 5.161363634577396908e+01
1.060760722651091115e+01 4.928103522638647149e+01
1.081230854305271016e+01 4.771142372725596914e+01
1.080569420074144560e+01 5.388779894243580060e+01
9.971176109058776049e+00 5.376711912761045653e+01
1.011973641028256310e+01 5.250747369010758803e+01
9.522055681716075526e+00 5.394925585875759566e+01
6.752952011534846477e+00 5.143546404424199636e+01
1.163412754280663108e+01 5.087031983125596213e+01
8.625947719432206284e+00 4.983322759408532932e+01
8.706068054020839497e+00 4.809423263375265378e+01
1.370639991742669572e+01 5.263231807565661313e+01
1.167436511513002628e+01 5.218557023537513118e+01
9.921160594158846990e+00 5.190554511127271553e+01
9.990247958099432779e+00 4.978968102805155382e+01
8.219165839957721431e+00 4.882448740329206771e+01
6.660394824899648292e+00 4.977254235059915288e+01
1.162738545133587564e+01 5.334710066433426334e+01
9.222698921102571390e+00 4.848599025913779315e+01
1.430775702323501974e+01 5.151355425316042158e+01
1.144179444248410427e+01 4.776986870160907017e+01
8.021837445248714005e+00 5.227240801897461608e+01
7.553082873645936779e+00 5.345810456545777356e+01
9.752038745042010959e+00 4.874326525919700970e+01
1.296165597454733742e+01 5.428023179890443117e+01
1.184206909938014007e+01 4.944287732813419467e+01
1.370239020404807562e+01 5.108651967946003936e+01
1.334587132121558994e+01 5.209975439999733737e+01
8.738071549992641351e+00 4.889512970267801961e+01
1.309932295881649722e+01 4.886621624506800998e+01
8.860811138650024787e+00 5.307718856832181586e+01
1.324417681351662424e+01 5.256469046235098119e+01
8.468800187745200603e+00 4.835664605176096131e+01
1.364063661066606059e+01 5.415083836213040769e+01
8.533504682514282180e+00 5.237252754225583118e+01
1.160452389246009375e+01 4.822572964754166236e+01
9.750853576637970477e+00 5.296852261155253672e+01
9.680758214576496101e+00 5.240845862977384684e+01
8.423739646871471365e+00 5.191429251883820228e+01
1.243227582457251756e+01 4.858321948593534501e+01
7.526357714042046787e+00 5.098918723305023804e+01
7.768355876939173399e+00 5.137672210619989244e+01
9.805826958820530237e+00 5.089164852211827395e+01
6.567992327712804723e+00 5.177941593981138624e+01
9.384801529784557061e+00 5.048673784664331521e+01
9.047206770730745973e+00 5.447531282519543794e+01
8.898442311621165501e+00 4.778961248983135590e+01
8.235417787027250469e+00 5.003722258161766234e+01
1.028594003423555314e+01 5.170664076382289664e+01
1.146793719198213424e+01 4.816490831223451607e+01
1.411708995101362518e+01 5.240714246503853246e+01
1.299780347785669221e+01 5.241095657191737445e+01
1.137191393313776544e+01 5.227218327972710910e+01
1.136745465264136712e+01 5.013748097859848940e+01
8.852248237797894603e+00 5.082734293045435692e+01
1.319758606602051287e+01 5.354771630306953512e+01
1.014936509974137557e+01 5.432168708574309335e+01
1.446181475380717885e+01 5.177897727404140227e+01
6.951842469197420549e+00 5.202312647214684915e+01
8.721771453236897287e+00 4.931266093782929971e+01
8.699722001377722336e+00 5.482607921054392364e+01
7.734501737968844104e+00 5.300314962122448748e+01
1.184978395763130443e+01 4.785362354355808634e+01
1.261080122683524429e+01 5.119309343026201731e+01
1.180064049366841061e+01 5.057274522074102663e+01
1.279983873719045206e+01 4.823364790505673483e+01
7.448094586230302738e+00 5.013109566284688157e+01
1.068538959238426678e+01 5.094932755117534384e+01
1.001868643563600436e+01 4.836358350830394670e+01
8.296211259721186337e+00 5.072713889940554566e+01
1.132467896609519720e+01 5.360997644302858589e+01
6.573600534898199399e+00 5.093707336602337676e+01
8.958474446281375236e+00 4.825333228109502670e+01
7.745033965852863744e+00 4.948783444036427426e+01
9.920791073564627638e+00 5.217353921962544661e+01
1.079035213844687568e+01 4.869274038512199354e+01
6.912339458020563931e+00 5.103933733800202077e+01
9.347516925386784692e+00 4.771583205591017673e+01
1.274144277924343882e+01 4.921348891250872981e+01
1.004192552683632655e+01 5.407186465233380090e+01
9.673636152235401298e+00 5.364748481324726015e+01
6.977547207575696575e+00 5.251944347498047705e+01
1.105171508297880578e+01 4.910197541414551381e+01
1.401682325470626012e+01 5.355101171453284792e+01
7.554171566008113459e+00 5.039714845262181342e+01
1.227036555911885785e+01 4.812841408659936349e+01
1.080476778726356457e+01 5.422417435341224490e+01
8.600972029114354100e+00 5.211099234200445096e+01
7.601335618698401575e+00 4.784526654974150262e+01
1.184847571102492125e+01 4.814338766734982755e+01
9.120368385970571978e+00 5.262113577107664497e+01
6.239486128375602902e+00 5.166270313940671599e+01
1.012041579330209551e+01 4.888120144151866953e+01
1.223827592399403486e+01 5.051108735884643153e+01
8.050898943283470999e+00 4.864387266200515114e+01
1.291030110105669948e+01 4.775861847212127032e+01
9.539930494780522352e+00 4.804082347783082696e+01
1.011414905421842647e+01 5.358062089996359134e+01
1.429604433080772097e+01 5.115629623518228897e+01
1.279308250545095937e+01 5.178261790088095040e+01
7.324895825852002496e+00 4.975070348353873584e+01
8.018855791742250716e+00 5.145716159287540137e+01
9.459989653911691221e+00 4.888251784282495294e+01
9.036090412309754072e+00 4.884224043412982752e+01
1.033369874532625587e+01 4.773252830260859980e+01
1.276366120819286465e+01 5.294779328946878394e+01
7.395279987033903879e+00 5.311609191773673189e+01
1.335559944669788379e+01 5.247076064644504356e+01
7.632646826648135985e+00 5.230060206058250571e+01
1.125751729798061085e+01 4.749928182475985494e+01
1.107919150030987154e+01 5.027639908269341618e+01
1.035848445805587481e+01 5.136968335440084132e+01
9.036839826883678484e+00 4.947005181674003182e+01
1.185199776815369255e+01 5.119654585299006300e+01
9.475859670522531530e+00 4.931454572589354513e+01
1.211936895282297399e+01 5.004665507142535574e+01
1.134995309444459366e+01 5.110417213089802146e+01
9.445536121230762916e+00 5.207709249599518841e+01
1.306641805963185199e+01 5.111917646698837103e+01
7.612732670578292726e+00 5.125955544356985882e+01
7.097936769498526033e+00 5.089322431415067172e+01
1.143603089893590052e+01 4.877349436675474692e+01
9.558148825925977476e+00 4.858573692362559626e+01
1.339787324999871743e+01 4.859122470946204686e+01
1.105815964164180976e+01 5.216481430778542006e+01
1.059250319225737158e+01 4.791279529069681331e+01
1.096116392955403640e+01 4.953028116940263459e+01
7.452131724544155844e+00 5.158203079374352029e+01
1.331135307941433155e+01 5.082058668066510165e+01
8.971485342329607704e+00 5.044751127339436891e+01
1.114880569252251519e+01 5.291530831732385565e+01
8.144657956710798175e+00 4.933099670410094006e+01
9.918502209936221448e+00 4.947271413953133390e+01
1.218440732539735194e+01 5.317682158833157757e+01
9.822766322386414117e+00 4.803426238776530255e+01
1.108741069699808790e+01 4.972383080990608306e+01
1.068010978332160299e+01 4.974812553973907114e+01
1.186274570506686032e+01 4.840995788033278302e+01
8.318252905250206553e+00 5.128482558673772473e+01
1.359764562172775371e+01 5.323931275294722809e+01
7.065756884736863697e+00 5.167486911606879119e+01
7.223072636408355507e+00 5.032308669420199720e+01
