1.415840506159226919e+01 4.758712955629451358e+01
1.718597517627622473e+00 4.677365176526232204e+01
1.500022650918658584e+01 6.143341194446670528e+01
8.468533591927492665e+00 5.047358993021997975e+01
1.913433317871777817e+01 5.187840778748462611e+01
6.956226490481712155e+00 5.183039927530187896e+01
8.190205841000011588e+00 4.676623667699897879e+01
1.004433480114189337e+01 5.400844247343086835e+01
1.547499799265845155e+01 4.987102379619906145e+01
5.330228000006353994e+00 5.216902743576476809e+01
1.214838896561493264e+01 4.901785716789232339e+01
9.348121456000139773e+00 5.623445518800018306e+01
1.301924586705899856e+01 5.237162140635078345e+01
9.469493384395747171e+00 4.872425324022385951e+01
6.133266749986855615e+00 4.975290147194731105e+01
1.152715600041750754e+01 5.093411838852458118e+01
9.412091893615539107e+00 5.226488721116506042e+01
9.775356780815004143e+00 4.767450543122372153e+01
8.369507906559832122e+00 4.896177286817140839e+01
1.286242472799130709e+01 5.087619852718054148e+01
6.921384031586693908e+00 5.104623876994386933e+01
1.103209215077555783e+01 4.948778947502002268e+01
1.163475930642504963e+01 4.815981002875832928e+01
1.087416071863226463e+01 5.176631239403178597e+01
8.205848292974664560e+00 5.272659480628180972e+01
8.420088488964411866e+00 5.095949929519078125e+01
7.805976935790862825e+00 4.803909259612500193e+01
7.478997881703315365e+00 5.144780456330617113e+01
1.318512548120383521e+01 4.841860709920836570e+01
9.903005659665842231e+00 5.178567053796345476e+01
1.372928385316067335e+01 5.107239276032649400e+01
1.352206993649502564e+01 5.411429292224801202e+01
1.113796555060168991e+01 5.284932207823280237e+01
1.051442407503079224e+01 5.058516566118193936e+01
1.407798358314344611e+01 5.243666166982438881e+01
8.581616052423999719e+00 5.353404830358488908e+01
7.234056103690940098e+00 4.936250136188523641e+01
1.193323268417896088e+01 5.141436364569458561e+01
1.084254972662881755e+01 4.877170310424823896e+01
8.657260368967678588e+00 4.945283645543767648e+01
7.524306227315706863e+00 5.036578952859898095e+01
8.526925544094044795e+00 5.196302041058346788e+01
9.151767274540583585e+00 5.083683647587202614e+01
7.954752399659388296e+00 4.760165955521242864e+01
9.233460310835685192e+00 4.851600216230458784e+01
9.907202595194281258e+00 5.353655572909197247e+01
1.218219618312408414e+01 4.790867790017001937e+01
9.597543435449720661e+00 4.980598260331494487e+01
7.517549658492475473e+00 5.228724396781768036e+01
6.191812831408793905e+00 5.084707805531819247e+01
1.100141866646809596e+01 5.051349578867877455e+01
7.242046469954165566e+00 5.343914535879311956e+01
8.898790811800989076e+00 4.787051232659355549e+01
1.130232518939554609e+01 4.758119983417961407e+01
6.980699176874608725e+00 5.146016321348933786e+01
1.216276481164881318e+01 5.405301821268013640e+01
1.081463361262128231e+01 5.414290119840291737e+01
1.076660979775757632e+01 5.242586514706661660e+01
1.353729536090766494e+01 5.251008232841221712e+01
1.141741421196752704e+01 5.214235155127106225e+01
1.001559821369525238e+01 4.833899946016349958e+01
8.132996980153311739e+00 5.077977840287256583e+01
9.059888888072020308e+00 4.876515218953655051e+01
1.445121926399544066e+01 5.164224239607806055e+01
1.268926788820811069e+01 4.822129324377776527e+01
9.138195514724737123e+00 5.397896941182101926e+01
1.224159500927707711e+01 4.960773129058798503e+01
1.029652171415304629e+01 5.345211126954269787e+01
1.024269532269569183e+01 4.758007951314635164e+01
6.701047752160104842e+00 5.143636548288272792e+01
9.106097905391045799e+00 4.995912072755674416e+01
1.140675205093237565e+01 4.877122108542381085e+01
1.195658473955231571e+01 5.037500892990536272e+01
7.704843711930985606e+00 4.939504849831204325e+01
7.811420857559545183e+00 5.136032404011224628e+01
8.996672249278468314e+00 5.312407216281590649e+01
9.893231403245767552e+00 5.227339402617921138e+01
7.919663322846798970e+00 4.843263474995771389e+01
1.253389723023719426e+01 5.317355746561929664e+01
9.519066406348926535e+00 5.461456501200339630e+01
6.316623866085926409e+00 4.997460256051365235e+01
8.744179738887519093e+00 5.061977256735606545e+01
1.034068512181467447e+01 5.151665097810444394e+01
8.402225811638288633e+00 4.951744001781077031e+01
9.800173321258318637e+00 5.086977551970270639e+01
8.468800187745200603e+00 4.835664605176096131e+01
9.991888581868089148e+00 4.976931519552625360e+01
8.786256779109475445e+00 4.854816306826140249e+01
1.023805967426245012e+01 4.801826641939859286e+01
1.287957664962357462e+01 5.052650848020162755e+01
7.783704235098245938e+00 5.164466037355597194e+01
9.054085507161452995e+00 5.120033673804496743e+01
6.659959984156026636e+00 4.972288108933548045e+01
1.032363062723446134e+01 5.194961750677260426e+01
7.144158733631476466e+00 5.069294500099275069e+01
6.909209964409132709e+00 4.930421929938521686e+01
1.202378987401140265e+01 5.096901013335699560e+01
1.267085943684444338e+01 5.185771376084196049e+01
8.558101766549638612e+00 5.012931054658995578e+01
8.021837445248714005e+00 5.227240801897461608e+01
1.050663091655114734e+01 4.924984251537653535e+01
8.507739433219679626e+00 5.228273888289937332e+01
6.602344306544256192e+00 5.169549124377831362e+01
1.241570695215093068e+01 5.132236400661942355e+01
8.132115984277914933e+00 5.313034654572642523e+01
1.259749209394961866e+01 4.871868645324851599e+01
9.714886105259198601e+00 5.241228272904962893e+01
7.557975052295417662e+00 5.191799052644817891e+01
9.417686649863979298e+00 4.932823445617043490e+01
7.200297321202512535e+00 5.122023560025623112e+01
7.495832735037557981e+00 5.313339027952152094e+01
1.213159689583611645e+01 4.850863495808621906e+01
8.900495494716523126e+00 5.216926332427044599e+01
1.410205407957245072e+01 5.324258857389726529e+01
1.100477755920443990e+01 4.795087608856989192e+01
9.598062218827870140e+00 5.051314884083770096e+01
1.158148989042179977e+01 4.997362420640330782e+01
8.541695539110184754e+00 4.805594263471388672e+01
1.186446717765722525e+01 4.942585221278997665e+01
1.348177859335531181e+01 4.864383231413550135e+01
1.322106250237544423e+01 5.264465637863902003e+01
9.340338092708297069e+00 4.774660687926238012e+01
8.280095738634386748e+00 5.152455599308495948e+01
1.174057669414265703e+01 5.317573371785192649e+01
7.198434574184811474e+00 5.154187484343383119e+01
6.239486128375602902e+00 5.166270313940671599e+01
1.134046245280901921e+01 5.159298538550619639e+01
8.611919585529582477e+00 4.923500856462964492e+01
1.066243496653932965e+01 5.107447628916974480e+01
1.326078297912884452e+01 5.086188619685026424e+01
1.478474083897464197e+01 5.109597719396674620e+01
9.559553269568652922e+00 5.373359846821624330e+01
9.665499159282591179e+00 4.817231248009144196e+01
1.386475375638298146e+01 5.170567424313821192e+01
8.277851287599702346e+00 5.001603772963686367e+01
8.067298744608942584e+00 5.044925431137338734e+01
6.783329979858695680e+00 5.119850546302928507e+01
1.061611276903702539e+01 5.382186625058251650e+01
9.821049526651718153e+00 4.922956955729155482e+01
1.078534499465380136e+01 4.985571411193139824e+01
8.239903522227615795e+00 4.764810335727696611e+01
8.934941159575844338e+00 4.823964199053851587e+01
1.019969803721647494e+01 5.008938066916962129e+01
9.526911432994516815e+00 5.128948357394206425e+01
1.457669604678245889e+01 5.220162544856117393e+01
1.244516797883617087e+01 5.070675189292584406e+01
9.216633999742450456e+00 5.182752730034545863e+01
1.331685852763024513e+01 5.341437533069422727e+01
1.010796985725041885e+01 5.434009389100376097e+01
8.717458843246729927e+00 5.308229638273057560e+01
1.008222683171105594e+01 5.359483103657169067e+01
1.269770103484984958e+01 4.786215673073414933e+01
1.024143055586705131e+01 4.869923144157861827e+01
1.323432743854611893e+01 5.138015420043428350e+01
1.183075641360800923e+01 4.785817500756935061e+01
8.154488056428363052e+00 5.192386290257342552e+01
8.208453215742203213e+00 4.923599305976798490e+01
7.992820325992579633e+00 5.350271087981504792e+01
1.088985275613127079e+01 4.834115700660392889e+01
6.614956714797019188e+00 5.073411228082908053e+01
7.945728878546667318e+00 5.099110924618056373e+01
1.140789319146708536e+01 5.370182802785878096e+01
8.119297214520848627e+00 4.878922524172776320e+01
1.172295136707332475e+01 5.218725980129002551e+01
9.637020822512056384e+00 5.303320070468090819e+01
8.705913456543370899e+00 5.157465230852553617e+01
1.102804504200095614e+01 5.098764302107239388e+01
7.366132599652565283e+00 5.268279542727067621e+01
1.267846978376574540e+01 4.925462931727793858e+01
7.097055903685790312e+00 4.997384767239557135e+01
7.575726748467616289e+00 5.091896359513832948e+01
1.072383782323703016e+01 4.778851400465310917e+01
1.052338816856949322e+01 5.320874889145650144e+01
1.110388872644690395e+01 5.024252177863041879e+01
1.425804741418355093e+01 5.121698169325425454e+01
7.938363544197448718e+00 4.985951745497370524e+01
8.627699752068675565e+00 4.984016460482109778e+01
1.045569825124171182e+01 5.223717886233521313e+01
8.738071549992641351e+00 4.889512970267801961e+01
7.062556258403678733e+00 5.226109409942651496e+01
1.335566688337426910e+01 5.243742822563425676e+01
6.426724507042324674e+00 5.121273912505919412e+01
9.219545881913512986e+00 4.884968674663070942e+01
1.142663613335147055e+01 5.064740560591584995e+01
9.135875730806402473e+00 4.918024845194648265e+01
9.148028748044033875e+00 5.272588209360835521e+01
1.173240056369635376e+01 4.850331229098812713e+01
1.292653747483290871e+01 5.413661702596896674e+01
1.221537453840165277e+01 5.176362190852822209e+01
1.132251468196922772e+01 4.936053361426007768e+01
8.810860205947820489e+00 5.015282063701280890e+01
1.024462782982033460e+01 5.088902501043854443e+01
7.696248785512016077e+00 4.764658004299233340e+01
1.241980159406154449e+01 5.244900712362115058e+01
8.922346105830472496e+00 5.461911511922004792e+01
1.011478431495831387e+01 5.262500102113674672e+01
1.299191968269127884e+01 4.892420836627211145e+01
7.017473672734727330e+00 5.088233594167566309e+01
9.750031444835592254e+00 4.874413755608419763e+01
1.145128703957839633e+01 4.813159633171116525e+01
