1.718597517623357440e+00 4.677365176526153334e+01
1.322599549214672976e+01 5.249031253822113996e+01
7.463718023785985700e+00 5.032651154703757612e+01
1.500022650919206768e+01 6.143341194445713427e+01
1.547499799265967724e+01 4.987102379619906145e+01
1.913433317871253792e+01 5.187840778748378767e+01
1.004328298635659245e+01 4.768406703053041440e+01
9.754300089565454357e+00 5.434438716099968048e+01
5.330894801815649231e+00 5.216867023879066068e+01
1.415840506158733980e+01 4.758712955629636099e+01
8.190205840999903231e+00 4.676623667700120279e+01
1.105846362817002593e+01 4.952504324033779426e+01
7.201570826811724224e+00 5.151168316300717720e+01
8.280402453844018851e+00 4.893245978709936850e+01
9.348121455999978124e+00 5.623445518800006937e+01
8.821756234897378590e+00 5.170346766011176953e+01
1.064265656199687449e+01 5.225546314672043735e+01
1.217494383904451460e+01 5.131434928035739063e+01
1.221793399291494353e+01 4.923509418547745753e+01
6.218570610590571590e+00 4.981838241225467101e+01
1.446373830022993801e+01 5.157530803692169030e+01
8.437113961512759275e+00 5.005503811896850408e+01
8.846643981242982235e+00 5.281385131323934701e+01
9.736881394542155732e+00 5.231216271061990852e+01
1.144071230410607853e+01 4.863601258670905025e+01
1.199870470349969409e+01 5.389790793188824125e+01
9.755323008059471945e+00 5.103468185446288174e+01
6.592907482802317531e+00 5.116864168446881678e+01
9.229963649570628093e+00 4.881970515018149825e+01
1.416578052874741545e+01 5.286834205755690164e+01
1.153581168219170827e+01 4.796330196653338618e+01
7.347520666300808578e+00 5.250635110875359146e+01
9.993086650694491979e+00 5.356274350341317358e+01
1.013250691592430108e+01 4.856493607237995747e+01
8.825781758430716550e+00 4.822671471143766553e+01
7.022706728244131114e+00 4.936720742160487418e+01
8.928554147280005182e+00 5.016222948323939335e+01
8.020434007533912890e+00 5.086703424039508548e+01
1.359778940727155927e+01 5.408338323383424040e+01
1.003947169571619824e+01 4.992975606698072255e+01
1.117312032789707388e+01 5.063475545463857230e+01
1.163754569220290236e+01 5.199619819163820722e+01
6.941382091592731562e+00 5.096818394597670476e+01
1.279035934555331622e+01 5.065759280234070872e+01
7.952545934625641522e+00 4.773800628365993504e+01
1.280856390349996587e+01 4.828713579678808543e+01
7.964010059661406515e+00 5.174369326817843984e+01
8.153382360498218517e+00 5.342288443894025818e+01
8.450377606015067045e+00 4.947448858810112426e+01
1.371092134580398891e+01 5.113431002305271988e+01
