1.500022650919063594e+01 6.143341194445918063e+01
8.061218539464697130e+00 5.075674112075126487e+01
1.718597517622026061e+00 4.677365176527005985e+01
1.547499799265768061e+01 4.987102379619917514e+01
1.913433317871238160e+01 5.187840778748533666e+01
9.240294998512148084e+00 4.776396273805097792e+01
1.016664619903680133e+01 5.352688668913565095e+01
5.330228000006165701e+00 5.216902743576582679e+01
1.415840506158913925e+01 4.758712955629552255e+01
1.332127556599394325e+01 5.252727235843278208e+01
1.216784001428854545e+01 4.877663716438689789e+01
9.348121456000034968e+00 5.623445518799972831e+01
8.190205840999968956e+00 4.676623667699995934e+01
6.666264239742918818e+00 5.098514153267129245e+01
1.122621381274673880e+01 5.034405794115292565e+01
8.327336888339125665e+00 5.226485107233733629e+01
9.394301242488491965e+00 4.950417643761576159e+01
1.447407206050764472e+01 5.155378437816465720e+01
1.234179287105788880e+01 5.119234366045076712e+01
7.039344582541380291e+00 4.933648483128774132e+01
8.350873765277476934e+00 4.923977333860668892e+01
9.734803356350042236e+00 5.244923451774633349e+01
1.039900479073881456e+01 4.851488520141733574e+01
1.211984868322661413e+01 4.787271831546601675e+01
7.987111631520589228e+00 5.195747394952766030e+01
7.128232156877695402e+00 5.218687624652456947e+01
1.221585231727274490e+01 5.411658472231924577e+01
8.702211468813674244e+00 5.309838001299790733e+01
1.075655246719883529e+01 5.234528722304710158e+01
9.162154629821307239e+00 4.870958581568257983e+01
9.144562448884283157e+00 5.137118710677839317e+01
6.133266749986775679e+00 4.975290147194732526e+01
7.518203551729084388e+00 5.140430854552523243e+01
1.158396584334177248e+01 4.876174109254660038e+01
8.537681292681504885e+00 5.009788666729581053e+01
1.101410924020135695e+01 4.912494544231577720e+01
7.801778044310571758e+00 4.761031814444697829e+01
6.323549990387670405e+00 5.152758191912086261e+01
9.411029699088535594e+00 5.478049493616889265e+01
1.023792165379343011e+01 4.755380549960802483e+01
9.346023774684537599e+00 5.384938056003123563e+01
1.400298013129528840e+01 5.150279026570730423e+01
1.287557216507577351e+01 5.052765882249615004e+01
7.116969229486403314e+00 5.151883272976196793e+01
1.003867356690790658e+01 5.015470260177730211e+01
1.327350843756457621e+01 4.837090247570638724e+01
8.142898901211962581e+00 5.356305985896455013e+01
8.606334949811291324e+00 5.191722542380252747e+01
1.173220277730532146e+01 5.155404109180300054e+01
1.165824872183432426e+01 4.816487274104631666e+01
1.032287966505706045e+01 5.098292505988149514e+01
7.591435327692732216e+00 5.036716972984987706e+01
1.422891483176913496e+01 5.308924252457168080e+01
7.192099857759099102e+00 5.335926678913711640e+01
1.361947499086709712e+01 5.381825700937322665e+01
9.427159487708898666e+00 5.212456279254123359e+01
1.127772110542602313e+01 4.749587269567864212e+01
8.952124461919803267e+00 5.008804895545927849e+01
8.319500875182326283e+00 4.901646901993388639e+01
6.987543488030196315e+00 5.102057762876224700e+01
1.035695549711223151e+01 5.428161722485506147e+01
9.181691744127741472e+00 4.904079524375183041e+01
1.151398632820071910e+01 5.213484994075115964e+01
8.989650609999991104e+00 5.237629804644248566e+01
7.840672391052472712e+00 4.837455747206675483e+01
1.139986662767337933e+01 5.065854913409616245e+01
7.958779947384636344e+00 5.167973570945537176e+01
1.377279710609063557e+01 5.106633975018791460e+01
8.527026585666890313e+00 4.836237286032771721e+01
1.251155570135837891e+01 5.240963823999376103e+01
8.409422004004893481e+00 4.951173441426350053e+01
1.220928680247205378e+01 4.812779871068590154e+01
6.300482240644439180e+00 5.083016236535105037e+01
1.443004650068730044e+01 5.179531908263324169e+01
1.180001813848528514e+01 4.994414373395284912e+01
6.645907015225036574e+00 5.136364943179885501e+01
1.087100551191871212e+01 4.812875670305135856e+01
9.926766666437053743e+00 5.348572848586098871e+01
1.042712955039542599e+01 5.192467322329954271e+01
1.282196896342271764e+01 4.840274997009721147e+01
1.142057583787876496e+01 5.357789858940320471e+01
1.009935200851300152e+01 5.231240418608054199e+01
9.657701766101482121e+00 5.122854327102636773e+01
7.290081357982518995e+00 5.262935733109573277e+01
1.091228136684156169e+01 4.992032472759149897e+01
9.749035598901217625e+00 5.081394918457873899e+01
9.698830167295724891e+00 4.830349105927192710e+01
1.291399736941167475e+01 4.880487705213415239e+01
6.527730551803792025e+00 5.028610167294591804e+01
8.260593028234740842e+00 4.764088326303271259e+01
7.736502666133629802e+00 5.229533569822434913e+01
7.715565957067857639e+00 5.167680740434725806e+01
1.225232212806444565e+01 4.988165264076833694e+01
1.033623787952755890e+01 4.911244134381603743e+01
9.796143288670837279e+00 4.764506259147240286e+01
8.686740567500539356e+00 5.060344004810726659e+01
1.101784351016290664e+01 5.099182305658617764e+01
1.249315026215808899e+01 5.074486589341363185e+01
8.234677631409880405e+00 5.003667257938968049e+01
1.107514492992050847e+01 4.943595089176121604e+01
1.220848096381237902e+01 5.183371251943942326e+01
9.586577575396276529e+00 4.878582758111889461e+01
1.306239688805985821e+01 5.110188132277340856e+01
1.077978130301602810e+01 5.392120088171536452e+01
1.262647510233481896e+01 5.345104379626468472e+01
7.215017885819866805e+00 4.936956959282107249e+01
7.480142932955534008e+00 5.062915358597879845e+01
7.844887711125837271e+00 5.105198945480811545e+01
6.835972856793771868e+00 5.086322247077209369e+01
1.230031210709530853e+01 4.859960103693004640e+01
6.885105190844218015e+00 4.952699242292813864e+01
1.189482957585515877e+01 5.140481896814936391e+01
7.225381191189329755e+00 5.120344011179717114e+01
7.747991684203653584e+00 4.945257415873402351e+01
8.139799472762835109e+00 5.284778245211639813e+01
1.008438054279985430e+01 4.825639326914389216e+01
6.302692911677633347e+00 4.996719267446007251e+01
9.898478119471311842e+00 4.982138227632070482e+01
6.813206034409983403e+00 5.122742807377431262e+01
9.917953644920235234e+00 5.157828530212539420e+01
1.210327428595981480e+01 4.929485177429262421e+01
9.182197936898072399e+00 5.287820805244989941e+01
1.261007010337150547e+01 4.784770383210359768e+01
1.450833470038395490e+01 5.231350262969795040e+01
6.687276756308610182e+00 5.157999518349027568e+01
7.835579118336394977e+00 4.802795844963046790e+01
8.566139887527921104e+00 5.133118828750775720e+01
1.050081018963517110e+01 5.231043728105573365e+01
7.445326975890021792e+00 5.162425119512542437e+01
9.696407740579818579e+00 5.426618723202924599e+01
1.100462489813824440e+01 5.050669188687344047e+01
1.356897362244911065e+01 5.243790049858836966e+01
1.014624942958598730e+01 5.430216299437837080e+01
1.180899477733743019e+01 4.843369139053903893e+01
1.178842868908251518e+01 5.300322759306443743e+01
7.065111036656929855e+00 5.071301377734956617e+01
8.410624029768539955e+00 5.319135970859593954e+01
1.451359060766687747e+01 5.141350814888138387e+01
9.033879284429902512e+00 4.821433107305866628e+01
1.160543462410992177e+01 5.085985341580361307e+01
1.059095130331403034e+01 5.302560751312023513e+01
1.307758274618880101e+01 5.424343832149535416e+01
8.700873319574450093e+00 4.927884985954107577e+01
1.088871129599624332e+01 4.780981297706543387e+01
6.749204814218926707e+00 4.982010018944857421e+01
8.747469836324018644e+00 4.854823730315516173e+01
1.018993576157998149e+01 4.998415052770880607e+01
8.904415166752860600e+00 5.477743693276655534e+01
8.560876875657704943e+00 5.207004327720110837e+01
1.109616266399943108e+01 5.180951255781059217e+01
8.598707003570901009e+00 4.985025898884372708e+01
6.563504445344229055e+00 5.104479757019732489e+01
8.983933316363643229e+00 5.189291307870810499e+01
1.207515385181625156e+01 5.089554121004292142e+01
8.026456133334066934e+00 5.035670150455761984e+01
1.329951813686584572e+01 5.294534812017768388e+01
8.766207601202244959e+00 4.901300250136362280e+01
1.121363794994605811e+01 4.816916589396349480e+01
1.244345678057027094e+01 5.136214556108180318e+01
1.349633249632482901e+01 5.221167955273026706e+01
9.271441657880441056e+00 4.851717195122919435e+01
9.385848160122694850e+00 5.060307479834062150e+01
7.858044793886738155e+00 4.987124173408519567e+01
8.587698313651447535e+00 5.353704405607451378e+01
7.718825654824488680e+00 5.127526456660702792e+01
9.371874773617763665e+00 4.870798121270335201e+01
1.120448054024411455e+01 4.877251341858314504e+01
1.291147956055372958e+01 5.083978555592896953e+01
8.351294390416224900e+00 5.163794399263116475e+01
8.002609138956882973e+00 4.872745957893000224e+01
7.963856634961476111e+00 4.759150285862047980e+01
1.471503123215908992e+01 5.100596514491475375e+01
6.427379071323128912e+00 5.117386817755244977e+01
8.461220764299319796e+00 4.810893550180460920e+01
1.100622480759565391e+01 5.220504344544502828e+01
7.617457471734628172e+00 5.194123221015484404e+01
1.153281091147574244e+01 4.953689458499453480e+01
7.152816422939588747e+00 5.012545414314873682e+01
9.494429450159689310e+00 5.236707703037792783e+01
9.894129127054618777e+00 5.217259634036270199e+01
6.709277116061157287e+00 4.937999783265056664e+01
8.897615591666658830e+00 4.778918800358655261e+01
8.024259280868749400e+00 5.226367098027407110e+01
9.725541737477925608e+00 5.353047863155066466e+01
7.274209516299308120e+00 5.147706381536829667e+01
8.923774688243733877e+00 5.220385478927711631e+01
9.115987699073482275e+00 5.254521856464729979e+01
9.889560657055058712e+00 5.190242163493824279e+01
1.273547842488679294e+01 4.815827325408579895e+01
9.866662682478523294e+00 4.920118726205532056e+01
1.089029225785868071e+01 4.873027944310016579e+01
9.581083333726223117e+00 4.977423735876656252e+01
1.069158067792052336e+01 5.055512632665030992e+01
1.017967695577394949e+01 4.790545540097198085e+01
1.307886759797163201e+01 5.237344387088597131e+01
1.115153410606530215e+01 5.275417730813977357e+01
7.096366835540836249e+00 5.169291980882747595e+01
8.282968709222318537e+00 5.110327690039319748e+01
1.017838644785991242e+01 4.866583491424966468e+01
1.304479910458811176e+01 5.163237411542271360e+01
8.843228350601462395e+00 5.428540657621496024e+01
8.504247954512655028e+00 4.944864593909698414e+01
1.098126899526610245e+01 4.955632416533136109e+01
1.220049752666745668e+01 5.062449140086485500e+01
1.174267623902878732e+01 5.050295557940093261e+01
1.305006727053860516e+01 5.331908647601380835e+01
8.830219693567784134e+00 5.014029663733327880e+01
1.024377691590549411e+01 5.399688518305156038e+01
9.479931022063249557e+00 5.125339683228673948e+01
9.050314391220776855e+00 5.116755633826178240e+01
7.132436614175649225e+00 5.124723075844094211e+01
9.678141978493812303e+00 5.291635496558511420e+01
1.381571557794957172e+01 5.284061661876325644e+01
9.138649537368481290e+00 5.352509645418606254e+01
1.261421418671810812e+01 4.889263248252051852e+01
9.832133806059927039e+00 4.877281250135825985e+01
1.090811275991021212e+01 4.836819810034459266e+01
1.366411549273083637e+01 5.412806254717735044e+01
9.116779909239067337e+00 4.997681510586366471e+01
1.237954281376813448e+01 4.931745277147958006e+01
8.396330918573916335e+00 4.998363969713076216e+01
7.793431535370814345e+00 5.316034788281541523e+01
1.075281779899569301e+01 5.147075881093211791e+01
7.304289398290348956e+00 5.248208681340286574e+01
8.873672111369641513e+00 5.307544576982777329e+01
6.933459279080766535e+00 5.203746798494987047e+01
8.166459762559380664e+00 4.966689937135597432e+01
9.078673025305537436e+00 4.885149759503834588e+01
8.270508950308469664e+00 5.038991470401118988e+01
9.707672475806486290e+00 5.052342770081381929e+01
1.335045123157754787e+01 5.090352494282551987e+01
1.163462454286500680e+01 5.192004266205573515e+01
1.029419346969992688e+01 5.162404314536094319e+01
1.442815526159691508e+01 5.188884240058153097e+01
1.359849877469210000e+01 5.185403154466432341e+01
8.263602490955836544e+00 5.135480618109364315e+01
1.196269374030168997e+01 5.116621876769526267e+01
1.141453930018237628e+01 4.817419463222868359e+01
1.040118808327220279e+01 5.215072164619483885e+01
1.042349458474854806e+01 4.797022180675271130e+01
9.675105335098740156e+00 4.931322486821998297e+01
1.362397264846936729e+01 4.866222959914487234e+01
1.337621031982401476e+01 5.135975009858763940e+01
6.728391643712225978e+00 5.145703694243476178e+01
1.228927831597783182e+01 5.162284693552088299e+01
8.638509813419068095e+00 5.217978469096774319e+01
7.395060767055674944e+00 5.301899027182698632e+01
8.364343088703360962e+00 5.184654564432659640e+01
8.977938832795814506e+00 4.885280250749966058e+01
1.062959564813062485e+01 4.926671202024372320e+01
1.001840241443066049e+01 5.357376645993120690e+01
6.580259379815050380e+00 5.179124495964133246e+01
7.057518327592208429e+00 5.088852190881991788e+01
1.323731602908302207e+01 5.253340572498299821e+01
8.017846769687675845e+00 5.137394330539621023e+01
9.672189322241814935e+00 4.869274479664598232e+01
1.213455404965766959e+01 4.901429537018833571e+01
6.204520473737348496e+00 5.176191156225512202e+01
1.391641648964754552e+01 5.186594253625565187e+01
7.255761098208394877e+00 4.989432583085688577e+01
7.599169964333551519e+00 5.094637787515124927e+01
9.263764954241215932e+00 4.922077946219175004e+01
1.034744235559132264e+01 5.344325414996646373e+01
6.468137896807947484e+00 5.075909357634222374e+01
9.965635906539482392e+00 5.280630617474230348e+01
8.981717442424253406e+00 5.083296428962897551e+01
9.616743389532928177e+00 4.779340858732526698e+01
9.333358401501818946e+00 5.163218321488441376e+01
1.065706182834533422e+01 5.110191360285010376e+01
1.347015515858083035e+01 5.251936022901017509e+01
1.187022992850632086e+01 5.259425044658264170e+01
1.165320839241338469e+01 4.806411102496502963e+01
1.228783121020291347e+01 4.956675216402815920e+01
1.273421026932721745e+01 5.123126041620074034e+01
7.940203267660135289e+00 5.099699116081181671e+01
8.900429753917268982e+00 4.855981022471835473e+01
6.842429641934322682e+00 5.148443304477710569e+01
9.971769151967542655e+00 5.376571000251637855e+01
1.461655541349119503e+01 5.216694064089958260e+01
1.167153636840233588e+01 4.775794789001939478e+01
7.903797398443775712e+00 4.916380798072684399e+01
1.081295939186761856e+01 5.015093955554014826e+01
1.270030395201605522e+01 5.213594684717499916e+01
8.667597125191861096e+00 4.810904215390578997e+01
7.429890522686706689e+00 5.021858510303225387e+01
1.401358917324656161e+01 5.117655831392569610e+01
6.136094154322980998e+00 5.082339137120158767e+01
9.976424068241156462e+00 5.408816130324222371e+01
6.805099189700644757e+00 5.113297759341453741e+01
1.061365949746798520e+01 4.784132836369804664e+01
1.098332903504713620e+01 5.431494223287233325e+01
8.019141051973644352e+00 4.838347458587090699e+01
1.365024550098681644e+01 5.327100646128998562e+01
9.155292968859237490e+00 4.914187854571765968e+01
1.332791514973371605e+01 5.404034002250970303e+01
1.018181862217576494e+01 4.972102632644184439e+01
1.129454853506366518e+01 4.940403648400472036e+01
1.059660715399308017e+01 5.000694788207655250e+01
1.059404125276425468e+01 5.380262967588056000e+01
9.004684307186208159e+00 4.975059170238714046e+01
1.144232760989369346e+01 4.781229466025001074e+01
8.346733684590089908e+00 4.876132361037193874e+01
7.208190309138130303e+00 5.059551847709148831e+01
8.566099564209984862e+00 5.166867010768609703e+01
7.036764154755486445e+00 5.134448776172811790e+01
1.329543196772795532e+01 5.225768029689616156e+01
1.153566048817567946e+01 5.387560246578675560e+01
1.105257620383419237e+01 5.146199547700962285e+01
1.262058094595038682e+01 4.921204938569761822e+01
8.430082283202478877e+00 5.086779816615378991e+01
7.604861536389621257e+00 4.785058977781174860e+01
1.290337026652434815e+01 4.775259034041268791e+01
8.959318398121723703e+00 5.051786813964672973e+01
1.227970937072200286e+01 5.316645320843448985e+01
8.773385464679824608e+00 5.278431068638649748e+01
8.155158614912290105e+00 5.258422737534578317e+01
1.148446240652514483e+01 4.875951194132902344e+01
1.185519915831154947e+01 4.951159296470526527e+01
1.353665691822185835e+01 5.120735028214055262e+01
7.528569082135009083e+00 5.209471548743299252e+01
9.887475781589243340e+00 5.249448881842904768e+01
1.252774124331032191e+01 4.823435274481737167e+01
7.598796740392159244e+00 4.922122895091450090e+01
1.134053689852198588e+01 5.234550026269934619e+01
1.111511957684777485e+01 4.784795845190444652e+01
1.326505734915741641e+01 5.358218190522005386e+01
7.624684319471411342e+00 5.162192026747153051e+01
7.428748494867969399e+00 5.148752669028571916e+01
1.215490002046223950e+01 4.771207441397748994e+01
1.139920910866006842e+01 5.011720595162710623e+01
6.866751782444302066e+00 5.099637649738544809e+01
1.072860502195145571e+01 4.760976870234873815e+01
1.045981928266865246e+01 5.061576033366468153e+01
9.390787832926449141e+00 5.202650043169057170e+01
1.058890326162376816e+01 4.887999026873248454e+01
6.974648317491395133e+00 5.252048727547507667e+01
9.490643483937757807e+00 5.031901060738311315e+01
1.143403259508654557e+01 5.095592052097809699e+01
1.200870395854841277e+01 5.131767018030458871e+01
1.013036747240790625e+01 5.255736828474554301e+01
1.343488785304205280e+01 4.857516107640849157e+01
7.033595505324522712e+00 5.160739304797714766e+01
1.386538806317718198e+01 5.249269831055023872e+01
6.273035428359923671e+00 5.124725661440182733e+01
8.146916374223010848e+00 4.917814171134803303e+01
8.919490286920918720e+00 4.915569622578747300e+01
9.192354043416710141e+00 5.390641105495359398e+01
1.124692838505261072e+01 5.131770904420167057e+01
1.292834395838821315e+01 5.288807724302523638e+01
1.439394304676180525e+01 5.117160489191909534e+01
7.751020206011560276e+00 5.143065324755193757e+01
9.488889534279872251e+00 5.396267177367432311e+01
1.278943914912522217e+01 5.379766946965510499e+01
1.196822998280111250e+01 4.850899390713161807e+01
8.784061077832568287e+00 5.142521036915240273e+01
6.712688985880060244e+00 5.121711310099765768e+01
1.257847109599802238e+01 5.185877936781609066e+01
6.953314543239243584e+00 5.085612160229075585e+01
7.444881048707525650e+00 5.350921545291890169e+01
1.075977609874922436e+01 5.188916748662768441e+01
9.962233285852850173e+00 4.840845343487608687e+01
1.069395295951714431e+01 5.090003041544633788e+01
8.919464200192544823e+00 4.946766813685098185e+01
9.433363313551755169e+00 4.807788014696212997e+01
8.589757932929101614e+00 5.237028170860592269e+01
1.209908103768023402e+01 5.007802293726540910e+01
8.602259922445998797e+00 5.015313087732410224e+01
8.175996344860283926e+00 4.884684377198651362e+01
8.109364461660167223e+00 5.337097419388084774e+01
9.330899772280231375e+00 5.312083369607204020e+01
8.439389196237232937e+00 4.925445364242401070e+01
1.038431519160087113e+01 5.134035696949894145e+01
7.222510122831149459e+00 5.080498006328857485e+01
1.004734199406331463e+01 4.909774962747108873e+01
7.928443596975787599e+00 5.264953870200267261e+01
7.450319077001519297e+00 5.042240750155413309e+01
6.971750896847712653e+00 4.995249698005596173e+01
9.849206850056186013e+00 4.814938590054234169e+01
1.024685438086444123e+01 5.035799062171322760e+01
7.251421794408849486e+00 5.188453267047277961e+01
9.840645201208689130e+00 5.239464339990907149e+01
1.200097727308528839e+01 5.149098585058658273e+01
1.491904513777761210e+01 5.119541140482090924e+01
1.273111729681282789e+01 5.427833921479726342e+01
8.224451070639895889e+00 4.797632766958867734e+01
6.500058375534219834e+00 4.957277456328766618e+01
8.162009795091584863e+00 5.159616697324510426e+01
8.212295949154590602e+00 5.315057501815419982e+01
1.186059133552230804e+01 5.222738340988242811e+01
1.073534719321474284e+01 5.349238113210743961e+01
8.745367096694870668e+00 5.089093114577602961e+01
1.038853450820067437e+01 5.325036914813967570e+01
9.684411237041652853e+00 5.469366991938692024e+01
1.041806542215213582e+01 4.954846241042658761e+01
9.565900485993267921e+00 4.853576558656346407e+01
9.618797041277918680e+00 5.243240752355904277e+01
8.666004599371195383e+00 4.888244396352125420e+01
1.229503188275465142e+01 5.383992028601261381e+01
6.612474494931960933e+00 5.103700669632165443e+01
9.983760879899016061e+00 5.085519265939139899e+01
1.151510300484072857e+01 4.812035830196202824e+01
8.648685764522817010e+00 4.943778273281763092e+01
8.391894214251177431e+00 4.850443066997881658e+01
7.740718810385970095e+00 5.070863858032418392e+01
6.778732626389571969e+00 4.928585965827016224e+01
8.474846748383546569e+00 5.055806291133180963e+01
9.747889023808770759e+00 5.370433293404436625e+01
8.755091674893025200e+00 5.376408632949353006e+01
6.948829550929239041e+00 5.117360612253419561e+01
8.522905511045378191e+00 5.319808300331099815e+01
6.810781245562134600e+00 5.066492946568173750e+01
1.247423422481228350e+01 4.862176131687704128e+01
8.899968774663390647e+00 4.799664275925591994e+01
9.180998212839755368e+00 4.979653417704187035e+01
8.850207646410838791e+00 4.985209629806900011e+01
6.996335445225371430e+00 5.147708228451508461e+01
1.040160401904581278e+01 4.824862657030242730e+01
6.627252675251343206e+00 5.066817866844530727e+01
7.424499881378826771e+00 5.108053269322757473e+01
8.123842190680786501e+00 5.046700341049435679e+01
7.413088880345244824e+00 5.226795361997623957e+01
1.176788540807560857e+01 4.885452560808002431e+01
1.165442500692830485e+01 5.125604492826023062e+01
1.207649239591470902e+01 5.411246268289481520e+01
1.191570660995686914e+01 5.027575101322119622e+01
1.145496078720613475e+01 4.923614342328628624e+01
1.433587861084478732e+01 5.153874690158404803e+01
9.562817505968748577e+00 4.765510004520400855e+01
1.186344718707539414e+01 5.343743596619957970e+01
1.339755201768288195e+01 5.445775262724436061e+01
9.413629772105911897e+00 5.336416763033864896e+01
8.637131769432075501e+00 4.965237059640780615e+01
1.230675263434405053e+01 5.136868275974539699e+01
1.032922517833281617e+01 4.770909229444159649e+01
1.011415028226353208e+01 4.886576590122506758e+01
9.201022057881864669e+00 4.892552344245108742e+01
8.152265682578395456e+00 5.207884856157588160e+01
1.159436038208022346e+01 4.821515981236962034e+01
1.419403131805061946e+01 5.345490190863542779e+01
6.998087174305076985e+00 4.923568134454032474e+01
1.149545436691025735e+01 5.166292246527885368e+01
1.030556236438054185e+01 5.287406196454463014e+01
1.154357122521835066e+01 4.847362165105269582e+01
7.473547260821347571e+00 5.322129274736157356e+01
1.077117293449120972e+01 5.243649293642189946e+01
1.290583862677426552e+01 5.253583986330193767e+01
8.364681153297548022e+00 4.966514040883975412e+01
1.260667194819417958e+01 5.147867300108496380e+01
9.446825384527089753e+00 4.892971231417594424e+01
8.278378709969093308e+00 5.069899124250232347e+01
1.229680984307395875e+01 5.252256379040302647e+01
1.182611060498084221e+01 4.814706964195599426e+01
8.363662114995044305e+00 5.489050328993951666e+01
6.726214349050365193e+00 5.136598966148863354e+01
7.332008747657811298e+00 4.930116170658355657e+01
9.210336650188134300e+00 4.883978788731484855e+01
1.212492739760374505e+01 4.967809654004118869e+01
1.367298375404640609e+01 5.107612292843062818e+01
7.296102462655819743e+00 4.968548129304323169e+01
1.120017720081622059e+01 5.340508288333140285e+01
8.042835226635503432e+00 5.089004503105118005e+01
1.344422096990597915e+01 4.881460858646688905e+01
6.160177476986518741e+00 5.102840234107284800e+01
1.072467645002825165e+01 4.971073596410973749e+01
6.571913756590750388e+00 4.996242200380320497e+01
9.136248068857883098e+00 5.224031383950202923e+01
8.414111363304819236e+00 5.197714542611041821e+01
9.090672299429973791e+00 5.451797377756916774e+01
8.560439486409576304e+00 4.913333600788485001e+01
9.490115326169449972e+00 5.363186706762894573e+01
7.838144347735207518e+00 5.048034616371916883e+01
9.404786479239477970e+00 4.770486773293566074e+01
1.062881458701867388e+01 5.413126448873487107e+01
1.070867993925533845e+01 5.269283386015917614e+01
1.372197198675803875e+01 5.153237268035173457e+01
1.274707714224545185e+01 4.868276451537824556e+01
6.484381554074359677e+00 5.131264950152944238e+01
8.811759087227367004e+00 5.205236274027828358e+01
9.883650642363818406e+00 5.119226416432930193e+01
1.016584270134254098e+01 4.803984459558677145e+01
7.954172645419139265e+00 5.149216870493723519e+01
8.742667625957318833e+00 5.173067596714832206e+01
7.908484726713346902e+00 4.779871948782409419e+01
9.748312606939002478e+00 4.793792265177912526e+01
8.845085518874775232e+00 4.829504316288682730e+01
8.051210582913046920e+00 4.856742167908687691e+01
1.164793172543448563e+01 5.219293948082695067e+01
9.100895636242036346e+00 5.418239834009396105e+01
1.216396097050582981e+01 4.855104335188551090e+01
7.342587459903956670e+00 5.132010400916214365e+01
9.502900420302994533e+00 5.138026397656356892e+01
8.723761934686287134e+00 4.999098011766464111e+01
1.302625034154161909e+01 4.902887852462884410e+01
7.645710484956303787e+00 4.760765429558912132e+01
9.586830649999999565e+00 5.000333390000000122e+01
8.059279910366374367e+00 4.960376000545343800e+01
8.754769771552011193e+00 5.035730209763572418e+01
7.532664489240501027e+00 5.271422581689704856e+01
1.335785696888134311e+01 5.244049452438606096e+01
1.184049586920144748e+01 5.195406782147198044e+01
8.348605022023765088e+00 5.148772608461021605e+01
1.187366293884309520e+01 5.088778641418848991e+01
8.365203758801714073e+00 5.275267329727258669e+01
8.473664767161677602e+00 5.030508858362948388e+01
9.721654248724856728e+00 5.235297979526605872e+01
1.408463804603409386e+01 5.228249005961579599e+01
1.214383891522300551e+01 5.106774600238608031e+01
1.108875208374964672e+01 4.972407482416781477e+01
7.240884484453978587e+00 5.157815069616055581e+01
1.158726125378668570e+01 4.995553728396529891e+01
8.426423256603960965e+00 4.899801844205438783e+01
1.130916790103106173e+01 5.194527252061803324e+01
1.053517631591733839e+01 5.224658186701159224e+01
9.087733540505963603e+00 4.848878501951558206e+01
7.499249881027439280e+00 4.945610321881092375e+01
9.279977807389855116e+00 5.090835522662081303e+01
1.360662231943241807e+01 5.261832882222302743e+01
7.948853992563541304e+00 5.303691632763054287e+01
8.513437480603219143e+00 4.791195310509296945e+01
1.317447824959977609e+01 5.072257125073170414e+01
1.178101978560348684e+01 4.916178383499214988e+01
1.428636290590058167e+01 5.260601817947185310e+01
1.384791069591382140e+01 5.097149589819338189e+01
1.133552008316398307e+01 4.903674934267369423e+01
9.194783224520040932e+00 5.192857554895071814e+01
9.534324618673522878e+00 5.449279796824691147e+01
1.032990280527379134e+01 4.883892447228238609e+01
1.255438563534232266e+01 4.798765981992594476e+01
7.238486016755182995e+00 5.032308964939735318e+01
1.109990433153418721e+01 5.303386083520081229e+01
9.731268102043980406e+00 4.906672507236329750e+01
1.119703263106713997e+01 4.851576910063808867e+01
9.854864049266842230e+00 4.948991200734426599e+01
1.318093142849718902e+01 5.202602760179588870e+01
1.284748232910252597e+01 4.821189522539030037e+01
1.003165126709342836e+01 4.773162260938057244e+01
8.023679916996933059e+00 5.114244543802319498e+01
8.484121483670595154e+00 5.337940002254286043e+01
1.175308680350261348e+01 5.179948413730215862e+01
1.113208094215145927e+01 5.015124557441219366e+01
1.021936215091195699e+01 5.074482206647040528e+01
8.131628863586499278e+00 4.758723059225626173e+01
6.718524921797388139e+00 5.152807759843279456e+01
1.222259029482043857e+01 5.045723746768205586e+01
8.201108681951795987e+00 4.938636036700627585e+01
9.468163983083094593e+00 5.182815057441299444e+01
7.769177607378179751e+00 4.824677106591078513e+01
7.169665684154042040e+00 5.098031625264130895e+01
1.321565322970730350e+01 5.270071760239375180e+01
7.869394243224213881e+00 5.349989815277302796e+01
1.186001603422995743e+01 4.782642359372386665e+01
6.888897785907658999e+00 5.026536346609577066e+01
8.731941269854367249e+00 5.016854994429290571e+01
7.589065749131192362e+00 5.120586460715206556e+01
9.075152679178289716e+00 4.930598813620883192e+01
9.234644149892041298e+00 4.831893158084902495e+01
1.096943786898810025e+01 5.028239590876494702e+01
6.891152621652124388e+00 5.178447999008409397e+01
1.317953310175709269e+01 4.865560672619906057e+01
1.013442352011335146e+01 5.188871765974953831e+01
6.287232690475507368e+00 5.061697114023356647e+01
1.071939252328598968e+01 4.832978123867768261e+01
1.089401814814419822e+01 5.174450014539549869e+01
1.466377308395138712e+01 5.187629159511085675e+01
9.157454128907938085e+00 5.023004468760086638e+01
7.168686062109850710e+00 5.143419578914073043e+01
1.086301575427612320e+01 4.947397941139209365e+01
1.281241506996723700e+01 4.926956068658682852e+01
1.020179484054384567e+01 4.942318269246133866e+01
9.215220120217791688e+00 5.266451466480714316e+01
1.010344220681661120e+01 5.358417049366165230e+01
8.193809822615573779e+00 5.189677437502686530e+01
1.031297092805944260e+01 5.374485527400518947e+01
1.241677851965848234e+01 4.780038978314507148e+01
1.021829160123053981e+01 4.844885796762700636e+01
7.644118678890766461e+00 5.007880446792158580e+01
9.912402183889440721e+00 5.358801273248642616e+01
1.099806532366091005e+01 5.074543594943492053e+01
1.081837761193548708e+01 4.854666337332824355e+01
1.068257742041063096e+01 4.809186334982997124e+01
1.234761451681890776e+01 4.895200167311078587e+01
8.831838236688273724e+00 4.877356441451065905e+01
1.402252650741198181e+01 5.367138553686278613e+01
9.914728909193149420e+00 5.447522128906636851e+01
1.109751960548740968e+01 5.381702665012237219e+01
6.576804356510317362e+00 5.151514309159941263e+01
7.685885648387673186e+00 4.971528100541012662e+01
1.249306016849651257e+01 5.286815563069030333e+01
8.120596018028708230e+00 4.870536875161513279e+01
1.159127198578351070e+01 4.813442538891174394e+01
1.113470979872665545e+01 4.757829994248699279e+01
1.053323096241763857e+01 5.247707709482556737e+01
7.213349831843304472e+00 4.916816511617227548e+01
7.991140315343921330e+00 4.992533670199292573e+01
6.633946976186711808e+00 4.974655639524127793e+01
8.999556196092227012e+00 4.869787409206470130e+01
1.274981764904118542e+01 5.082427850314487472e+01
7.835012245201675718e+00 4.857497378256895360e+01
1.421682462374819877e+01 5.104844707283617566e+01
9.488451698106770138e+00 4.920983388185659635e+01
